23658
23659
25797
23654
6873
6874
63924
6871
63925
25796
10992
23657
10994
63920
6868
2950
63916
2953
6867
535
6866
2952
25793
1822
534
25792
533
63917
1820
2954
539
538
2956
537
2959
2958
1827
90627
23647
23648
63935
23645
6882
23646
6883
63933
6884
23643
23644
6885
23641
63931
63932
6880
6881
23640
540
6879
63929
6876
2944
6878
1810
546
2941
25782
545
2948
2947
1813
2946
9
549
1816
2949
1819
23636
23637
51493
51491
51497
51495
6891
6892
25777
51499
25778
6895
25776
23633
63901
23635
6894
513
1843
2975
1844
6888
25771
2976
1842
6886
2971
1849
518
517
1847
51490
1848
516
1845
515
514
391020
23625
63910
347088
23623
390411
25764
23621
2966
522
6898
63906
6897
2965
521
1831
1832
523
2963
2962
2961
2960
203068
1839
529
203069
526
2969
1836
2968
528
2967
1837
527
10950
571
10952
10951
10954
10953
10956
10955
10957
10959
2992
572
2995
573
578
2997
576
10963
2990
10962
582
10961
10960
581
23683
10966
10965
63035
10969
2983
585
586
587
2987
10972
63941
23673
10971
10974
10973
23677
10970
23678
10979
10975
10978
1809
1808
1806
1805
1803
8904
1802
8905
558
8908
550
23670
10985
10983
10982
10981
10980
10989
10988
10987
8910
8911
8916
8914
8915
567
23660
399979
8925
8924
8930
1894
1892
93487
1893
8936
8939
8933
8932
8935
8934
8945
6809
8943
442496
60558
60559
6812
6811
6810
6814
6817
60561
60560
55709
1869
2919
6829
2916
60528
6827
1861
23613
23612
6830
55711
8975
8974
161527
8973
55715
55716
8971
23617
55717
55718
55719
1859
506
1857
1856
8976
509
2907
2908
6837
1855
501
6834
1854
6832
23600
6840
55700
55703
23608
55704
23607
2909
55701
8986
55702
8985
23609
55707
23604
23603
55705
55706
8987
4709
2938
8988
2936
4707
2937
1889
4708
2934
4705
2935
4706
60509
2932
112869
93436
4704
6844
4701
2931
6845
4702
4700
6847
1890
1891
8992
8991
8994
2923
4717
4718
4719
2926
1877
4712
1876
4713
6856
2920
1875
4714
2921
6854
1871
4710
4711
60526
6861
55746
55745
55748
55742
55741
55744
55743
55740
4616
4615
4610
57763
57761
65244
55759
55758
55757
55756
55755
55754
55752
55751
55750
4603
4601
56647
4600
4609
55726
55727
55729
389240
4640
55720
4641
56616
4638
4637
4636
4635
55737
117178
342994
55735
55734
65265
125893
55739
65264
55738
158747
4627
150094
116039
4628
65260
56623
55788
55781
55784
4659
4650
201725
4651
55794
55795
55791
4646
115708
4642
4643
4644
4681
4680
55760
55761
55763
55764
4683
4682
55768
55769
57787
4677
255812
4678
4676
4670
55771
55777
4674
4673
389275
55778
404636
55779
57798
4664
4665
4666
4668
4669
4698
140609
4697
401499
10917
10919
10924
10926
25829
10927
51421
10920
25827
10921
25828
10922
25825
10923
25821
25822
51422
25820
51428
376267
4686
10908
10907
10906
10915
10916
10914
51430
25836
25839
4695
25832
4696
51433
51435
4694
4691
4692
85002
4690
51439
23580
10939
404672
25805
10943
10944
10945
25804
25809
10946
25807
10948
10949
23588
23589
51406
25802
23585
10940
23587
25800
51400
23594
595
23593
594
23592
596
23590
599
51409
598
10929
10928
25814
10933
25816
54205
25819
10938
10935
23597
23598
23595
23596
25813
593
56675
56674
56672
57720
389223
51466
25865
391126
25864
51460
51465
51463
57733
57730
56683
51477
51478
51479
25878
25873
25875
25874
56681
441263
51474
56652
56650
56654
57707
25842
25841
25840
51449
51447
51444
25844
25843
51442
25849
10901
25847
51441
10902
10905
10904
56667
25852
51455
25855
51451
51454
65220
51450
51379
23510
10897
6774
23511
140459
23512
6772
10892
6773
23514
51373
23515
51372
23516
23517
51371
23518
51377
10898
129642
10899
51375
51374
1728
1729
203197
1727
1725
6767
1723
2850
6769
51368
51367
6780
6781
6782
140467
23503
6785
23500
6786
23506
51360
140465
51362
23505
140460
51363
140461
51366
140462
23509
1717
1718
1719
405
1716
406
6777
400
403
6778
402
23533
6752
23534
6751
10873
23530
23531
10875
51399
51398
51397
51393
410
6749
6748
6747
6746
6745
412
6744
411
23524
10882
23522
6764
23523
10885
51389
23521
10884
6760
51386
51388
23528
51382
23529
23527
427
51380
2828
2821
2820
10857
10856
23552
200734
23556
23558
435
23550
2896
439
23549
60485
23548
10867
60481
10865
23543
23541
2890
10861
60487
23545
60489
60488
444
445
2887
440
2885
2882
60492
60491
60496
60493
6794
6793
23576
6790
2872
2873
2874
6789
2876
6787
6788
2878
2879
58986
10845
10844
10849
10848
10847
23568
2870
23564
23563
23560
463
466
467
468
2869
60436
93349
1797
1798
1796
1793
65084
65083
65080
1783
1785
1786
1787
65095
65094
112950
1774
1777
1778
1776
1781
6721
2811
6722
2812
6723
2810
1760
6726
6727
1762
6728
6729
2817
55816
55818
55813
55810
6731
6730
1756
6734
2800
6732
2801
6733
6738
6737
2806
2802
2803
1759
2804
2805
55802
6742
6741
1741
1743
155066
1746
1748
6709
55833
55837
55839
55830
55831
55832
1730
6717
6714
6715
1734
6713
6711
1738
1737
1736
55819
1739
55823
55827
390354
6720
55841
4520
35
36
55847
34
55849
39
55848
37
38
126393
57862
56731
41
4515
55850
55854
55853
55852
55851
22
55858
55857
23
55856
25
27
55859
29
4507
30
57876
31
4502
4501
55863
55862
19
55861
55860
18
16
14
20
441104
389136
93408
55872
55870
65123
53615
55879
65124
65125
55884
389168
115817
81
86
87
439921
53635
55893
55892
55898
4552
4548
70
71
72
59
56
60
48
47
389177
54386
4528
4522
51
52
53
50
10818
4598
23462
23461
488
284119
23468
23469
23463
23464
483
481
23466
10826
10827
10808
10807
23473
473
476
23471
475
23478
23479
4591
23476
4597
23474
4594
471
23475
4595
472
10813
10810
2787
23480
2783
23481
23484
57804
23483
2790
51304
51303
2791
4584
4580
51307
51306
4582
10803
10801
10802
98
97
95
92
91
51309
90
57819
57818
2799
57817
2798
498
2794
51313
23499
51312
54344
493
51315
54345
51317
51316
51319
51318
490
88
89
57826
57827
253635
57820
51321
51322
51320
65110
51329
65117
51324
51330
51339
51334
285672
51335
65108
114791
51340
51343
51341
51347
441135
25758
331
334
374291
10712
10714
10713
204851
346
347
348
10725
10724
10723
10728
10726
348035
51292
316
51290
317
310
311
10730
10732
10738
51295
51299
10736
10735
327
328
329
51280
323
324
320
85458
51282
51283
10749
85236
51286
10747
10746
51287
10745
85453
51278
10755
51275
10758
51274
51271
10753
51279
302
301
304
303
306
305
308
307
309
10768
10769
10766
10767
51268
10765
10762
10763
1601
149986
1605
1606
1603
1604
83989
10778
83988
10773
10775
51257
10776
10771
10772
90411
90410
51241
10787
10785
10782
10781
10793
10791
10797
10795
53373
10799
4927
4928
4925
4926
1627
1629
4929
53371
4920
1620
1622
4924
4921
1616
1615
1613
1612
1611
1647
4947
1643
4946
1646
1645
4942
1642
53340
53343
53346
1639
112611
1635
1634
1633
1632
4952
4953
53339
53335
1662
90480
1665
1666
1660
1652
1653
1650
1657
1654
1655
1687
4908
4907
4905
4904
1678
1676
4913
1677
1674
1675
158586
4919
4915
4916
4899
4898
55544
54499
54498
54496
65057
4884
4885
4887
55556
4891
4893
55558
55559
1595
54470
54471
115939
54475
55520
54472
54477
54476
55526
54480
54482
54487
55537
4856
4854
4853
4851
55508
65012
55505
55500
4860
65018
55501
4841
4842
4849
4848
65005
65003
4850
130916
4882
4883
4863
4862
4864
4869
220972
285359
51226
51227
51222
401210
254863
220988
51236
124583
51230
51231
51232
5937
5939
5934
5936
5935
5930
5932
5931
51208
51204
5971
51202
5970
51203
51200
285329
124565
441046
5965
389435
5962
5966
51218
391
390
392
395
394
54407
396
5954
5955
54458
54454
54455
384
5993
55589
381
382
5991
55585
54453
389
388
5986
387
5987
5984
5985
56478
56474
54469
5981
54468
5980
5983
372
373
5982
54463
55596
54462
379
5977
378
375
374
377
5976
54431
55568
55567
54433
54434
360
368
367
55573
54442
54440
55577
128192
55578
351
353
355
5997
5998
5999
51171
10609
51170
10617
51174
10616
51172
10618
10613
10612
10614
51177
10611
202
203
204
205
23780
207
51160
208
10629
51163
10628
10627
51164
10626
10625
51167
51168
10623
10622
10621
23788
23787
23786
211
216
214
219
51192
217
138050
51196
221
223
224
226
229
51182
51181
51187
10603
51188
10602
10608
85352
51184
10607
10606
51185
10605
51186
10600
5919
5917
5918
5915
5916
5914
25891
5911
5912
5910
10652
51138
10654
25898
51136
25896
23753
10651
25895
51131
51135
10656
51134
10657
10658
51133
10659
5926
5927
5928
5929
25880
5922
5925
5920
5921
23741
51125
51128
10664
51129
23743
51121
10667
51124
10668
51123
23770
6988
6992
6993
6990
10631
10632
23774
10634
51157
54503
51155
51154
54505
10638
51150
5905
5906
5908
5900
6996
5901
5902
5903
23767
10640
23764
23765
10643
10644
10641
23760
23761
51144
51143
10645
23768
51142
51141
90338
10695
10694
10693
23710
158427
1523
4824
1522
60626
4820
1528
23705
23704
23708
1514
145781
4833
1513
4835
1512
4836
1510
4830
4831
1519
4837
90333
4839
1515
10678
10671
10670
6950
6945
4802
1501
4803
1500
6942
6943
4800
1503
6944
4801
1506
1509
6949
1508
4808
4809
10682
10681
10687
4811
6955
6953
4817
1571
60673
60676
60672
6929
127703
6921
6924
6923
6926
6925
6940
60684
60685
60682
60681
6938
1559
90379
1557
6932
1555
6936
6935
6934
1548
6909
6905
6908
6907
6902
1540
6901
6903
1545
1539
90355
1537
1538
6919
6917
6915
1535
6911
6910
1534
1475
4798
4799
1474
1477
1476
1479
1478
401394
55643
55644
1488
1487
1486
375035
55657
55658
284387
1490
55651
55652
1491
4791
55650
4790
55656
4792
1495
55653
55654
1457
1456
1459
4779
4776
1453
1452
1455
1454
4775
25907
25906
25909
25903
55669
253461
53407
55664
4784
4783
1460
4782
25901
55666
55667
1462
4781
25900
4780
55660
55661
55662
151987
55670
4763
5899
1466
1465
5898
1464
25915
55679
25913
4771
66036
1471
4772
55671
4752
4758
4756
55601
55603
55602
55608
4741
4747
55611
4750
55616
55615
55614
55619
55617
4739
4738
4736
4735
4734
4733
1497
93643
1499
55623
55622
66008
55629
55625
55624
4728
4729
4724
4723
4726
4725
4720
4722
55634
55631
55630
55638
54517
25963
25960
284
25966
54512
283
286
287
54529
25972
200576
272
25976
25975
271
54521
274
25978
273
25977
54520
5831
5830
56548
5833
5832
5836
25970
54539
117246
81034
51101
54535
81035
51102
54538
54537
51100
51105
54531
81031
51106
51103
25987
51104
51109
54530
51107
25983
51108
5826
25980
5825
5824
5822
5820
5829
5828
5827
81029
51110
51111
54545
25998
51115
293
51116
54542
51117
25999
290
54541
25994
51118
284325
292
25996
291
5813
25992
5810
5817
5819
5891
54552
55689
54554
5894
25920
54555
5893
55686
54556
5892
25926
54558
85377
5887
244
5885
5886
249
55681
5889
5880
55696
55695
30008
54566
25932
55697
5884
5883
230
55699
25936
25937
30000
30001
85363
85360
5875
231
5876
5877
5878
5879
55692
262
5873
5872
25945
5870
25940
25941
30012
25948
25949
5869
5867
5868
267
5865
5866
374354
5863
5860
5862
5861
54587
144699
285412
54585
25950
54583
25957
25959
5859
1410
1415
941
946
949
90233
57241
931
934
1429
29035
80723
84890
1435
1434
1432
1431
57226
928
57228
57223
1445
908
122704
989
988
987
84859
984
80700
84861
8500
8501
8502
84869
84864
977
976
975
340318
84851
492304
8515
8517
8519
967
8518
966
965
963
961
960
8520
8522
8506
958
8505
8504
955
8508
1407
8507
950
151579
81631
54619
93081
81627
54623
4292
4291
54629
4296
4297
4299
81615
81614
81619
81618
83759
81611
56171
339175
29082
29081
29080
29086
29083
81609
81608
29088
29087
81606
5806
81605
5805
81603
54606
83743
56180
80789
29091
996
997
29093
994
29095
404281
29097
990
29098
83737
998
23203
80778
23204
23201
23200
23208
29066
2509
29063
80781
23214
23215
23216
23210
23211
23212
23213
23219
2517
29078
29079
29072
29074
80775
2512
29071
80777
80758
79269
2524
80764
2521
80762
2520
80746
80745
29058
2539
2535
2534
2537
80755
2531
2530
253943
4209
5737
4207
144581
5732
23131
4205
23130
5733
7064
23136
4212
4211
7067
23135
5740
23133
23139
23137
4217
4218
5747
5745
4213
5744
152719
5743
4215
5742
4216
7071
7070
7073
7072
7077
4221
7076
23122
23125
7078
23127
23129
5754
5756
54680
5757
92342
7042
81565
7041
7040
81566
81567
23119
23118
7049
23117
54682
7048
23116
54681
4234
7046
23114
4233
7045
4232
23112
23111
5763
4236
4237
92335
5764
253959
4238
4239
440118
5768
7050
81575
7052
81576
81577
150472
81578
23108
81579
7059
7058
5770
23107
4240
54677
4245
7057
5771
7056
23102
253980
440123
64151
23172
23171
23170
23176
23175
4247
23174
2475
23173
4255
23179
54665
54663
23177
54664
2483
4254
54662
5708
5709
5706
5707
5704
5705
5702
23161
23160
5700
23163
5701
23162
23165
4259
23164
23167
23168
4267
23169
64163
5717
5718
64170
5719
23154
5710
5711
23152
5713
5714
5715
5716
4277
23157
23158
23155
4276
7088
7086
7084
7082
64175
5728
23141
5723
23140
5720
5721
23142
5727
5725
4282
4286
5730
23144
7099
4287
2495
4289
7094
7095
7096
7090
7091
4281
8531
64110
8533
64112
8532
8535
64114
84934
64118
1390
1389
1387
1386
8525
220717
84942
64121
8540
8546
8545
64123
8544
8543
64129
1382
1384
1385
51816
1376
1378
84939
8539
8536
8555
8554
8550
64132
8553
23199
23195
23196
51809
23197
23198
23191
23192
23193
23194
84908
84909
23190
8548
8567
8566
64146
8565
8563
8562
8560
64149
23189
1398
23186
23187
1399
23185
23180
84914
8558
8559
1352
5784
7022
1351
5783
1350
5782
7024
5781
7025
5780
7026
8570
7027
8572
8573
8574
8575
8577
7020
8569
57333
7019
1349
1346
1347
5777
1345
5793
7035
5796
1340
7039
5792
5791
7037
7030
84901
57326
1339
1337
285190
5786
5789
7003
7004
7005
1374
1373
7001
1371
5797
1364
1368
147179
7016
7014
4200
7013
4201
1362
401029
64100
1353
1355
7009
29123
805
57343
29127
1318
800
1317
801
1316
1315
1314
1312
1311
8601
1329
441512
1327
90141
80823
824
825
822
823
829
826
821
819
1307
811
1306
813
816
818
90121
1301
80853
1302
1305
810
808
842
841
840
8636
8635
847
844
8642
57380
8644
830
832
831
837
8625
8624
839
834
833
8629
57399
836
835
57396
8634
861
865
863
862
400046
29102
29103
868
29104
29105
8614
8613
29100
8615
8621
8622
8623
29107
29109
29108
84981
8609
29115
858
8607
29114
857
8604
8603
29110
8602
8611
8612
84975
29117
54714
889
54708
4199
4191
54726
4190
4193
4192
875
873
874
871
54732
4189
54733
54739
54737
4173
4172
4175
54741
890
4179
339047
83887
4171
4170
894
891
892
898
896
56252
56259
94431
56255
56257
222658
56267
56271
56270
81792
81790
54700
54704
54707
80895
56288
56342
2335
2332
5635
5634
5636
2339
5638
7169
7168
7167
4113
51776
7165
5641
7164
7163
7162
51773
81689
81688
2329
5646
2321
5645
4116
56339
5648
220686
54793
51768
54796
51765
4122
7175
4121
4124
2331
51763
7178
2330
4123
5651
7172
79469
51762
7171
7174
401105
81697
2318
2319
2316
2317
5617
2314
5616
5611
2313
5610
23011
5613
5612
92249
23015
7188
23014
23013
7187
23012
23019
23016
7181
7185
7184
7182
64081
64080
64083
2308
2309
79441
5627
5621
23002
5631
23001
23008
79443
51780
64087
79444
23033
4149
23032
4148
4147
23030
440026
83941
4152
4150
23038
4151
23039
23036
4157
54765
4154
23034
23035
5601
23020
5602
23022
5605
5606
5603
5604
5609
64061
64062
64063
5608
54758
64065
144404
4162
23028
285203
4163
23029
23023
23024
23051
2356
23054
2355
4126
23053
2354
4125
23052
440001
402295
79411
339005
79415
54788
79414
4134
23059
200316
4133
4130
4131
54780
259230
2348
23042
23041
1298
23043
259217
54778
23045
4144
23047
23048
23049
4140
4141
1292
1293
1290
1291
1296
285231
23078
1294
1295
8675
8678
8677
8672
8671
8674
8668
8669
23074
1289
23075
23076
23077
1287
23070
23071
8681
1281
1282
1284
1285
23067
440085
8683
8682
1277
23065
23066
23063
23064
1278
23061
23062
51710
51714
51715
7105
8650
8651
8654
8653
8655
57415
8648
8649
23090
23091
23093
51706
23094
1269
23095
1267
57418
23097
1266
5699
23098
5698
23099
1265
7112
7111
2395
1263
7110
51700
1264
23089
51701
51703
7114
8663
8662
8661
8660
8667
8666
8665
8664
57404
8658
57403
23080
7108
7109
7106
23081
7107
23082
57406
23085
23086
5682
5681
51735
7126
7127
5686
5685
5684
7123
5683
5678
285282
51729
51727
51728
7130
5691
5690
5693
5692
51720
5695
5694
7132
5696
5687
5688
5689
7128
51719
8693
8694
8697
51750
51755
5664
5663
7145
51752
5660
51759
8690
7148
8692
5654
7150
51742
5673
7155
51741
5675
7159
7157
5671
51747
7158
5669
1211
1212
1213
905
57446
900
902
901
8744
340562
79087
79086
8738
79089
746
79088
79083
8737
79084
740
79081
79080
8732
8733
8731
55958
79099
734
8729
8728
400156
8727
79096
8726
79095
8725
738
93210
79094
8724
8723
79091
79090
166647
8760
8761
8763
8764
8766
727
726
55937
8751
8754
8747
716
8745
715
710
55900
55905
60343
404093
701
708
705
706
55914
57496
55915
55916
57493
91115
55907
55909
57498
8720
8722
8721
387751
387753
8714
8717
57466
57473
57472
57470
60314
158104
60313
60312
1203
1200
1201
8703
8704
8702
8707
1207
1209
8706
57476
79001
54809
219699
2747
2746
2745
2744
2743
23443
54812
79009
162427
79006
54811
79004
79003
54815
54819
23451
23450
2752
220594
23452
2760
60370
79017
54825
54826
54828
79016
9801
9802
9804
79023
9805
9806
9807
79020
2768
2767
2764
2762
23421
2770
2771
23420
23423
23424
23429
79026
23428
9811
79029
9810
79034
79033
2776
2778
2773
794
2775
790
2781
23432
2782
23433
23435
79035
23438
79036
54805
54806
79038
79039
54800
54802
784
788
9828
9827
79042
9829
219654
9823
9826
9825
9830
54856
9833
23408
79048
23406
79047
54858
23405
23404
23403
54853
54851
780
54850
259266
150776
773
770
771
2710
775
9819
79053
9818
9817
9816
2717
79050
9813
9812
9821
54868
9820
54867
54869
23412
23414
54862
54861
23411
23410
54863
2720
762
9848
2729
9847
79066
404033
9849
79064
54829
54839
54838
79068
9852
54834
54832
754
2734
2730
79070
79071
79072
9836
79073
79074
2736
759
9839
79077
79078
757
2739
9840
54849
54844
9843
54843
9841
9842
54840
54842
1195
119016
4495
1198
1192
4493
1191
4494
9860
64397
64395
9862
9861
9863
83604
9866
64398
9857
9858
114897
9859
64393
4488
1186
54896
54897
1184
1182
54892
9873
9871
9870
9877
9875
9874
9869
9867
9868
201562
4499
54881
54882
9880
54880
23399
54886
286440
54883
23398
54884
9886
51693
9885
51696
114882
9887
114883
51690
9882
9881
51691
9883
92140
9878
9879
114876
23396
23395
23394
23392
23390
9891
9890
54870
54872
23386
23387
54874
23389
286451
54876
136321
54877
9898
54878
9897
9896
9895
9894
9889
114885
114884
23383
23382
23385
23384
23381
23378
2683
23376
23379
23370
2677
2678
23373
2673
23371
2674
56006
56005
51663
51660
23365
5510
23367
2671
51665
23369
51668
51669
5507
2669
5504
23360
23361
23362
5501
2664
5500
2665
23363
5509
51650
51651
51652
51657
23358
23357
51654
23355
23354
5520
5521
23353
2697
23351
5511
23352
92104
5514
23350
5516
5515
5518
253725
5519
79101
23347
2690
51646
4482
23348
51647
5531
5532
79109
4487
23345
51642
51643
5530
23344
5525
4478
5524
5523
23341
5529
50507
5528
5527
5526
50509
440354
147339
1108
552900
1107
5537
1104
1105
5538
1102
5533
5534
51634
51631
64319
64318
51637
51635
57570
57572
5549
51619
200030
5546
5547
64328
5552
5551
51622
5550
51626
64320
57556
5558
1123
51606
51616
51614
5565
51611
5564
4430
1130
5562
1119
1111
5566
4436
1112
5567
4437
51603
5571
5573
51601
5576
1120
5575
64343
64342
1147
5579
5578
5577
8767
57535
441454
441455
253782
8773
8772
8775
8774
8777
8776
1153
5586
64359
5587
5584
1152
5585
1138
5589
124152
5595
5597
5598
8780
5591
286434
5593
5594
391717
57515
8799
8798
8793
64374
8795
64375
55970
8790
55974
1175
55975
1176
55972
1173
1174
55973
1155
375346
57509
92170
441485
137886
57502
55966
64388
55968
55969
1161
1163
1164
8880
8881
8882
8883
8886
8887
8878
8877
607
8879
605
604
602
8871
8872
8870
8874
26009
26005
26007
26000
26001
26002
26003
8869
8867
552889
8863
8864
8861
387893
623
627
8859
624
8853
8850
610
613
8848
8846
617
26039
26037
28978
8841
28974
27445
28977
28971
8833
8834
8835
28973
8836
378708
28972
8837
27440
94239
26036
26035
26033
26031
26048
96764
57591
28985
28986
28984
8824
8825
28981
8828
57599
8829
8826
26046
26040
26043
26017
26018
26015
26019
28952
8821
28955
28956
28957
27429
28958
8815
8817
8818
28951
8813
26010
93129
8819
26013
26012
28966
54900
27436
28964
28969
54903
54902
8804
8805
8802
27430
28962
8803
28960
8800
200081
8801
26020
26025
26024
687
2647
686
689
2644
688
2643
682
9922
9923
9924
9925
9926
79144
54908
9927
79143
9928
54906
9929
2648
54915
54916
23309
79145
23306
23307
81533
54914
54910
9931
23300
23301
23304
678
677
9919
673
2653
9913
79151
9912
9917
54918
9918
79155
54919
23317
54925
23318
79158
125058
79159
54927
54920
9921
670
23312
23313
23314
83660
2621
406991
9908
9909
2624
56034
9904
2629
9905
2628
54929
2627
9906
54928
9907
9900
28992
9902
9903
81554
54934
28998
9910
81552
28996
81558
83696
81557
81556
23328
81555
23326
23327
23324
23325
81550
23322
54930
23321
2632
694
2631
2634
2633
81537
54939
81539
2639
114932
54942
79139
81542
81545
79134
54946
23339
79135
81544
54948
79137
23335
23336
23338
23331
23332
23333
23334
79183
79184
9969
9968
646
79188
648
649
642
644
645
79180
54951
9972
54956
9973
54955
83637
54953
9976
2619
9958
9955
637
2615
2617
2618
636
633
634
54961
54960
54963
54962
9960
54969
54968
9961
56061
54964
9962
668
9949
669
9948
9945
79161
9946
660
661
114908
662
663
664
665
667
54974
54973
54972
54971
54978
54977
54976
9953
83658
79169
9950
79174
659
9939
657
79177
9936
79171
79172
83638
9933
650
654
54981
54980
54985
54987
9943
54986
9941
79178
51573
83700
51575
51574
440270
51571
23279
23276
23277
23275
23274
23273
23272
23271
23270
51564
54998
51562
23269
51569
81493
23265
54994
51567
23266
54995
51566
54996
23268
23262
23264
92014
51593
51592
9984
51594
9987
51596
9986
1075
23299
1070
1072
23291
1069
23295
2597
23294
83716
9978
57610
9994
64285
51582
9993
9991
51586
9997
51585
23287
2592
2593
23288
51588
1063
9990
2590
2589
57608
2585
1059
23283
2588
23286
23285
83729
9988
57602
9989
441388
2580
4351
23239
4350
23236
23235
4355
23234
2582
23232
2581
51531
23230
23231
4345
23228
23227
51526
392713
4363
5411
23224
23223
51520
79228
23229
4356
2564
4357
4358
23220
2567
51554
23256
4331
23255
4330
23254
23259
23258
51550
51552
114977
4329
4327
4325
2555
23253
4323
23250
2553
23244
23243
2551
23246
23245
23248
51547
51548
51542
51540
2549
56112
4338
2547
2548
4335
23240
2542
23241
5436
1004
5437
5434
1002
5435
1008
5438
26088
5439
1009
64210
124044
5440
64219
64216
64215
5442
4311
5441
5445
285053
26073
4314
4313
5447
4312
4318
57665
26071
441320
64225
64223
64222
64220
5451
4321
1000
4320
51507
26064
26065
5412
51513
51512
5420
51510
51517
51514
5428
26056
26057
26058
5423
5425
26053
26054
400322
57680
5431
4300
5430
5433
51501
5432
51504
51506
64208
57634
5479
5478
1051
5481
1054
50488
1052
50486
50485
5480
1039
5493
5494
5495
5496
5498
5499
8888
57658
92086
133619
1029
1028
1027
1026
1025
1024
5457
5465
1033
1031
5464
8890
8892
8891
8894
8893
8896
8895
8898
64236
8897
26092
26091
8899
26093
57645
1017
26099
1019
5468
5467
26098
5469
26097
1020
5476
1021
1022
5471
8225
79801
8227
79800
8226
8220
3280
5373
3281
5372
5371
79803
5378
5376
8216
6093
79811
8214
3290
6091
5361
3295
79819
3294
5360
10098
10099
5362
6098
3298
3297
5366
10093
5358
10092
5359
10090
10097
10096
10095
10094
149603
374868
8209
113457
8243
8242
79822
5355
10087
79829
5352
5351
8241
10084
5349
8239
64595
8233
79833
64598
8237
79837
10078
10079
10077
5339
10075
10073
10072
5335
5338
91137
10066
50855
50854
10067
3241
7593
10069
2110
5334
7594
79848
5331
5332
7596
79844
339229
2109
26190
5327
5326
2101
5325
3237
5324
10060
2107
10061
10062
2108
10063
5329
5328
10057
50865
3251
7586
10055
10054
50862
7584
5321
10059
50863
79858
2121
10058
7580
79853
79850
445815
2113
2114
5316
5315
10052
113419
2119
10051
5319
79868
5311
10048
7572
2132
79869
2131
3265
5310
10049
2130
10043
10046
79863
8202
79866
8204
79867
7570
10040
5308
7568
5307
5306
10042
63827
5305
3257
26175
2123
5303
26173
50840
63826
3276
10038
3274
5300
3275
7567
7564
79874
79872
79877
79876
79870
7559
7558
3269
2135
2137
3267
2145
6018
2149
11152
11153
80380
9747
9749
9748
63891
79888
79886
9750
63892
79882
9752
63898
55022
63899
11154
55023
11157
2150
63897
11156
2152
55027
11158
2155
2159
221749
2157
3203
3204
55032
6009
3205
55031
11142
3206
55030
3207
11140
79890
79891
9739
79892
9736
79897
9745
79894
9741
79893
11146
6015
55035
6016
55033
11144
6013
55034
11143
8295
55039
55037
11147
55038
6010
11130
3215
9768
9771
9772
9774
9775
55009
9776
9777
9778
11137
55005
3221
2175
55006
2176
55007
11138
6001
63876
55000
2170
2171
55002
63874
11135
63875
55003
9770
3227
11120
3223
2178
3226
9759
80351
9757
2180
9760
9761
9766
9767
11129
9765
11127
55015
3233
2186
80349
11124
2184
2181
55011
55012
2182
11193
11196
9790
2193
11198
8263
2192
8260
2195
9792
9791
2194
2197
2199
9798
9797
8269
8266
9794
9793
2191
9779
388677
11180
11186
11183
6059
9780
11188
9789
9788
6051
6050
9785
9784
9782
11173
11171
6045
11176
8284
6047
6046
11177
6049
11179
6048
8289
8287
11163
11161
11160
6038
11167
11168
8273
6036
11165
388650
317662
256227
144195
11224
11226
11221
11222
84436
11228
9701
11237
283824
11235
11236
11234
283820
11231
11232
9711
440560
9710
151162
9704
9702
9703
9709
9706
11230
11201
9717
116832
9715
9716
94104
11212
11215
11216
11214
11219
9733
9732
11217
9731
9728
9727
9724
9725
26168
7536
10130
7538
387509
27333
27332
27339
339287
10139
27338
27335
27336
10135
7541
10137
7543
7542
10133
10134
26155
10140
26156
26151
26152
92703
10146
10147
10144
7555
10142
7553
7518
7514
7515
27315
27316
7520
10111
10113
10114
10116
7528
26130
7529
26133
7525
26135
94134
27301
27300
27302
27303
27304
10128
10129
27309
26137
7534
7533
10123
26136
10120
10121
7531
10126
10127
10124
10125
26123
26121
26120
26128
219333
7508
7507
10105
26118
26119
10102
7511
10101
10100
10109
10107
10106
27351
27352
27350
387521
387522
5379
26100
26106
5383
5387
5380
27340
27341
27342
27345
5393
5394
5396
27347
27346
27349
27348
7494
79705
5232
50999
79707
5230
7498
11099
79709
8125
79701
2207
11098
11096
2204
2202
5228
5225
2201
11092
5226
2200
79717
7486
79716
7485
79714
5223
79719
79718
8110
79713
7482
79712
79711
79710
5218
2218
2217
11080
5214
5216
11082
5217
11083
5253
5252
5250
5257
5256
8106
8100
27286
374977
3399
5245
94081
27297
27299
5236
5238
27292
79744
79745
3385
2252
7453
2250
7456
3383
91289
2246
2247
2245
26292
79752
64430
79753
79751
64431
2263
3397
3398
79758
79759
3396
2261
7444
2260
91298
7436
2258
79722
79724
79720
157922
7472
2232
5213
3364
2230
7474
7475
79728
5211
2224
3356
5205
5204
2222
5203
7469
5209
3359
79735
79731
3371
7468
7465
7466
79738
3376
79736
5201
7461
5202
2235
2237
389840
2239
7458
9648
9647
440456
373863
3339
3337
11010
3338
3336
2288
2295
11015
2296
11018
2297
3340
11017
11011
11014
11013
2294
79786
9650
9652
79783
9653
9655
79788
9656
9639
9638
9637
80230
9636
79792
80235
80237
3344
80232
3346
80233
11007
11006
8192
11004
80228
8195
11000
9641
79794
79796
9640
9645
9646
9643
9644
80263
80267
2267
3313
80264
3312
11030
3315
11031
3316
11034
11033
2271
2273
3321
2274
3320
11037
2275
79768
9632
9635
79763
8189
79762
8187
79770
9618
9616
80254
80256
80258
11020
3326
11021
3329
2280
8175
2281
2286
2287
79776
8178
11052
11051
11054
9695
9694
8165
9697
148430
9696
9698
11059
9690
11056
11057
8161
9693
9692
80279
11043
3304
11041
3306
3301
3300
347902
3303
80271
80273
3309
3308
9686
9685
9684
9683
9689
9688
11049
9682
11046
11047
11044
11070
11072
11073
11075
9669
8148
9673
9672
9675
11078
11079
9670
8140
11060
388796
11065
11062
9658
9659
9668
9667
9666
9665
9663
9662
11068
11069
11066
8131
256364
26207
26206
26205
80301
80304
9601
83443
83444
80308
83440
80306
83442
92856
80310
80314
9612
9611
9610
83452
83451
80321
80324
9609
9605
9603
9604
65981
8099
65980
65983
11108
65982
65985
11103
65986
11104
8091
11100
11102
80335
65992
65990
65996
83439
11118
11119
65993
11116
11117
65998
65997
84561
80347
80344
440434
196441
7402
26268
92815
83481
83480
7407
7408
26253
7405
7403
26256
10001
7412
7411
10000
10005
10006
84549
64400
10007
7414
26289
7415
26286
7416
7417
26284
7419
123803
83460
10014
10015
10016
83464
64418
10010
7422
64417
7421
7424
64419
7423
10013
83468
116984
10018
10019
84516
64411
116987
116985
10020
26275
26276
91300
26277
389898
26278
26271
91304
26273
64427
7431
7430
10025
64425
10026
10023
83475
64429
64422
64421
196403
27230
27235
27238
27236
5264
26227
26225
246243
5269
27229
5270
5271
5272
5275
5277
5279
91353
27257
27254
27252
27250
5281
27258
5289
5286
5283
26232
26234
26233
27243
27244
27245
27246
27241
27242
5290
5291
169611
5292
5293
27247
27249
5298
387680
26235
5295
5296
5297
8417
3476
347853
7355
79609
3480
7357
7358
3482
7351
3485
7353
3486
79600
79602
8425
8420
8409
8408
8407
8406
8405
3489
3488
3487
50618
7337
7347
3490
50626
7345
3491
7342
7343
7341
79614
8411
79612
8412
8439
7327
7326
27183
7329
24150
7328
79627
79629
7332
7334
7336
79621
8443
79622
8444
8445
8446
79624
79625
8428
8427
7318
7317
7316
7319
79639
7320
7321
7324
7322
7323
79631
79630
8436
79633
79634
8434
64795
5128
5127
27161
50649
27163
8459
8467
7392
8462
7390
5132
5130
8460
9592
9590
5134
7398
5116
5118
5119
27173
27175
8449
8458
9588
9589
7381
8455
8454
9584
339448
8453
8452
9586
9587
8451
9580
8450
9581
9582
7389
9583
7388
7386
7385
7384
50628
5108
5106
91369
27147
8487
348995
7372
7371
7374
7373
7376
5111
7375
5110
8481
7378
8480
387328
80199
80198
80196
80195
80194
91373
8476
8473
7360
8471
4043
9550
4040
4047
9556
9555
59286
9557
79686
9552
9551
79684
9554
79685
9553
113251
79682
79680
80185
80184
8491
8492
8493
286148
6299
4034
6297
4036
4035
6294
9547
6293
9546
8496
79697
9541
8498
9540
79691
79693
92482
80173
79690
9537
9538
80176
4026
3400
80179
3420
6284
9570
9575
6281
9578
9577
6283
6282
80162
3419
3418
3417
3416
4017
4015
4016
4012
6275
3430
4013
6273
3431
6277
9563
9562
9569
6272
9568
9567
9559
80153
3426
4008
3425
3428
3422
80154
80155
3421
192286
3423
79647
79646
9512
9513
79643
79642
79641
9510
24139
24138
3442
6263
79649
4000
80146
3434
80145
80144
80143
6259
80148
3437
9509
9508
80142
79658
9500
9501
79657
79652
79654
80129
6257
24149
6256
6253
79659
24145
6251
24148
24147
80135
24144
6249
24140
6248
79650
80131
79665
79664
9531
9532
79669
9533
79668
115123
79666
9536
6240
6241
3460
6238
80127
6237
80125
6239
3459
3455
9527
9529
9528
9520
79673
9521
79676
79675
9524
79677
9525
9522
6232
3475
6230
6235
6236
6233
6234
6229
80114
6228
6227
80110
9518
9517
9516
221960
79670
9519
79672
6204
6205
80213
6206
6207
6208
6209
80212
80210
6210
80209
80208
80206
80224
6217
6218
80227
80223
80218
6224
6223
80219
6222
171558
4097
4090
4094
4092
4091
80204
171546
80205
6203
6202
6201
4071
4070
4077
4076
4074
388885
30849
30851
4081
30850
4082
57060
57062
4088
4089
4085
4086
4087
3500
4048
3508
201191
57099
4053
4054
30844
4052
30846
30845
57092
4055
4059
30827
57088
4060
57089
4061
4067
30836
5168
5167
5164
400949
5165
5162
30820
5160
57035
27131
57037
27130
440708
5159
64745
64746
5178
64743
5179
375790
64747
64748
5176
5170
57020
27129
27122
27123
26353
26355
26354
5142
5143
283677
5140
5141
64710
5144
57050
27113
5139
386757
5137
64708
5151
5154
5155
5156
5157
27107
57045
27109
84619
27101
84617
27102
196515
64771
64770
64772
64777
64779
64778
7301
64782
64781
64780
64786
64784
64783
64788
7314
7311
7306
7307
64750
84656
5187
64759
5184
64755
64754
5189
5188
283638
57018
57017
57019
64764
8402
5190
64761
84669
64760
5192
81931
5191
5194
5193
5195
5198
64769
64768
64766
171586
57003
81929
57007
81926
2009
7205
2006
146057
2004
57209
2002
59347
27069
57205
27067
27068
27065
59349
8321
8322
8323
8324
59343
59342
59341
2012
64689
2010
2017
2018
27072
50717
2013
2014
57215
57214
27075
57211
27077
57212
8310
59353
8314
8315
2023
2022
7203
7204
3598
3597
7227
347733
205564
27086
27089
8301
8303
27090
7216
27095
59338
27097
64693
7225
7223
2000
7220
84818
80086
59307
27020
7249
9491
7257
8360
7259
8364
84820
9497
8365
84823
7251
8369
27034
8349
84804
27030
27032
6196
6197
6198
6199
7248
9482
7247
9486
9487
9488
6191
6192
6193
6194
27044
27043
27042
5007
9472
5010
7278
9470
7277
7270
9479
9477
9474
8344
9475
80097
80095
134728
7268
5000
9462
7267
5002
7266
5001
7264
9467
7262
8337
9469
7260
8334
9465
9466
9453
7290
79587
7291
9454
79586
2091
6160
115201
7295
9456
9459
6161
7298
2098
7296
6166
6165
6168
6167
9451
6169
80047
92579
79582
79581
79596
8396
9444
9443
9442
8398
7280
9448
6150
9446
7283
7284
9445
6155
7286
3550
3551
6152
9440
7289
6159
6158
8394
6156
11285
11284
11282
11280
402057
79591
9439
79590
79595
402055
6182
9435
6181
79567
6184
79568
6183
9436
8387
6189
2071
2074
2073
6185
6188
2077
6187
2069
80067
92595
3516
6173
8379
9425
6171
6170
9422
9420
79577
339524
6176
6175
80055
2079
80059
201134
79571
79573
79572
9416
80054
11258
6120
11257
2054
2055
11259
6122
11253
2050
6124
2051
6125
2052
9410
9411
9412
9413
9414
9415
113146
9409
80007
6117
80006
11252
6118
80003
3575
2049
3576
2048
2067
11247
2064
2065
3590
11245
2063
11243
3592
2060
9400
9403
9404
2059
2058
3588
2057
3589
11276
11275
6146
80019
6147
2030
6141
6143
2033
6144
2034
113178
80021
80025
2027
3554
2026
6139
2029
6138
11272
2028
80028
11273
3557
11267
2040
6136
11266
6137
6134
3570
11264
6135
3572
6132
6133
11269
6130
2043
115207
80010
2037
80011
80014
3566
2036
80013
3569
6129
6128
11260
2039
11261
80017
81839
11328
11329
11321
11325
81847
81848
81849
28511
254102
28513
11338
81853
81855
11332
11333
11331
11336
11337
11334
11335
11340
11345
11346
84790
11342
11343
11344
440673
388969
81875
81876
81873
6103
6102
3628
28566
3621
3622
3625
3626
3623
3624
30968
400843
28568
81888
261734
3611
3612
3613
3614
3615
256112
152559
81892
3609
3607
3608
3604
3600
130074
221443
57191
57198
57194
11315
11313
57180
11311
57187
57188
11319
261726
57183
11316
57171
57172
57175
5021
26469
5025
5019
5018
57178
57162
57161
84747
5030
5033
5034
5036
5037
64601
389677
57154
154881
27018
5048
5045
5046
5042
84705
27013
27010
57157
84722
84720
57142
5051
84726
57140
27005
5052
5054
5055
26470
5049
26472
26471
57149
84717
57147
57148
27000
57146
50801
5066
5069
5068
5062
57130
57132
57136
5074
5078
283768
57122
5073
83259
57125
57124
388906
388907
57128
5089
5087
5082
84754
151011
84759
57117
57115
50814
50810
5096
5099
50813
5098
5093
5092
5095
81831
5094
5090
57107
57104
57103
57102
50807
29914
22905
6492
26608
6491
22906
29916
22903
29915
22904
22902
22900
6498
84079
6497
6495
29919
29902
29907
6468
22919
22924
22921
22927
115353
22928
22926
6474
6472
55498
6478
22920
6477
22908
22907
22911
22913
22916
6483
6482
55486
29957
29959
29953
29956
29940
9306
9308
9314
29946
9315
9319
9318
9317
55450
55454
29931
9322
9320
9321
9326
9324
29937
9325
9329
53918
84061
84060
84065
29928
29929
9330
131408
29922
29923
9334
29926
29927
9337
29925
9338
9349
9342
9344
29997
9341
55432
55435
3682
3676
3678
29995
29994
29990
9358
9354
53944
9353
55421
9352
3690
283349
55425
3692
3693
55422
3685
3688
29982
29984
112398
112399
29980
9365
29978
9364
9367
9368
9361
9360
3696
29970
29965
9377
29964
29967
29966
9375
29969
29968
9374
9373
9372
9371
29960
9380
9389
3638
3632
3633
3631
3636
390998
9391
9392
9399
9397
3643
3646
3661
3660
3658
3659
3654
3655
3652
3653
3671
3673
120526
3667
3725
440915
3720
266655
51081
3728
3727
51083
3726
51082
51084
3712
3714
3710
51090
3716
51094
51092
51097
51098
51096
51099
124801
49856
49855
3730
10591
3735
442175
10594
10598
10597
7988
10581
10588
10589
7991
10587
10585
7994
7993
154754
89797
89795
64981
196740
89781
7975
10570
7979
196743
10575
10576
10577
64976
7980
10572
7982
283412
10573
10574
10579
3704
3705
3709
3702
3703
26574
7965
26577
10560
64968
10561
10567
10564
10565
64963
64960
7957
26585
26586
26589
10550
10552
10553
10554
10555
10556
10557
10558
10559
22978
22976
22977
51002
51003
10549
51001
10548
51006
10542
64943
10544
6422
51008
6421
10541
51009
10540
6415
6416
6414
6419
6418
10539
51011
51012
10536
10535
51014
51015
10533
22980
22981
51018
10531
22982
10530
51019
22984
22985
6405
64927
7936
445372
10525
51024
51025
10524
51022
10527
10526
51020
10529
10528
51021
22998
153201
64924
6400
10521
22992
51029
22993
64921
10523
22990
51026
51027
10522
64919
7922
10516
10514
51035
10513
51030
10519
10518
51031
10512
7916
7913
157680
7919
7917
26517
26515
6461
26512
22930
26511
6464
51042
22934
22933
22932
22938
26519
22937
10505
22936
22929
6457
7905
246721
26528
6451
6453
26521
6455
22941
26523
51052
22944
22943
51053
22948
51056
26529
6447
6446
6449
6448
26520
6444
6445
22950
6443
51069
51068
51067
51065
51063
22955
22954
6439
6431
6432
26502
6433
6434
26503
221154
26505
6430
51078
26507
51077
51079
26509
51074
51073
51076
51075
51070
51071
51072
6429
6428
6427
6426
159
6347
158
156
154
55379
55378
6354
22800
149111
55361
166
165
388344
161
162
163
164
55364
55366
58497
58494
58488
58487
178
176
84193
175
6374
84196
6372
173
58486
58478
58477
55384
6388
6387
6389
182
541578
183
6383
185
6386
6385
6382
58472
115
112
113
118
119
284565
9202
9200
6392
9205
6390
9203
6391
9204
84172
6396
55337
6397
55334
55335
55332
55333
6398
6399
84179
128
123
9208
445329
9209
55327
9215
55329
29803
9217
55323
55324
55325
120
55326
84187
55322
134
132
133
84159
55353
55359
55357
143
146
55341
84168
55343
55344
84163
84164
55347
142
84162
9240
9242
9244
9246
29855
9249
9252
29844
9256
9255
113791
116496
9258
283491
399687
283459
55311
55313
55312
55317
55316
55319
9221
9218
93973
3796
93974
3799
9231
9230
55301
55308
9238
9236
9232
114327
399664
399665
9287
29899
148022
387254
3781
10399
196
9282
10397
191
10398
10395
10393
3778
10391
10390
3775
3776
29893
29890
29896
29894
338645
29888
29889
387263
388397
9296
3790
9295
388388
388389
29880
29882
29883
9265
9266
9267
9261
9263
9260
3753
3755
3759
9278
9276
9277
9274
9275
3770
9270
3764
171220
10482
10480
10486
10485
10484
10483
10489
10488
10487
348110
3858
3855
7879
10471
3856
10473
89845
7884
10472
10475
10474
10477
10476
10479
10478
3849
442039
3845
91782
3843
3842
3840
9191
9194
9197
89874
89870
3837
3836
3839
3838
10490
10491
3835
10492
10493
3831
64897
10499
9183
9182
10498
9181
9180
10495
9187
10494
10497
9184
9189
9188
64895
7849
7846
7844
10449
10447
64848
7851
64847
10440
10445
64844
10443
10444
7837
3815
10436
10438
7840
10430
7841
10431
10432
10434
64834
10435
7867
3801
7866
7869
22890
64863
10469
64860
10467
10468
22891
22894
10465
64864
10466
22893
10463
7874
10464
7873
10461
22897
10458
64854
64853
10455
10456
10457
64858
7862
10450
10452
64859
22876
22873
22871
10400
22872
10401
22870
10404
10406
84148
22879
22877
10409
22878
90993
58533
7804
7803
84135
22884
22885
22887
22880
22882
22883
22889
22850
10421
157567
10424
10423
6302
6301
22858
22856
10426
10425
22859
10428
10427
58513
109
58516
58517
104
103
102
100
10413
10412
22861
10410
22862
22863
22864
22868
10419
22869
10418
10417
7818
58526
58525
7813
7812
127544
22839
22838
22837
22836
22834
55288
6324
26610
22830
6322
6320
6319
6318
55284
6314
22848
400642
22845
90956
22847
55297
22841
6310
55298
6311
55299
55290
6307
6309
55291
55294
6304
55293
6303
58509
6305
58504
440886
22818
6342
6336
22808
22809
22823
22822
22827
22826
22828
91746
26648
22821
22820
91754
91752
55233
55234
84271
54103
55238
84272
55236
54107
140890
55239
8013
146540
8021
55226
55229
8028
8027
8019
374655
55216
55213
78988
55214
8030
55212
55210
8031
143941
8034
8036
55219
8038
78987
55218
432395
55205
140885
55201
55206
55207
55208
55209
28232
120364
55278
55277
8050
55270
4967
55274
4968
55272
90806
78996
78992
78991
78994
78993
8065
55269
78999
55268
8061
4982
4973
4976
78990
8078
8079
4992
4991
55258
55257
8073
55256
55255
55254
55253
8076
55251
55252
388458
4983
103910
8089
131601
8082
55246
55249
55248
55243
8087
55245
55240
192669
29796
116138
29793
10291
3005
10290
3875
3006
10295
10294
10298
9140
9141
10299
10296
54187
9143
3880
9148
283131
9149
9144
9145
89941
9146
9147
56994
56993
56998
29780
56996
56995
3883
3885
56999
9150
3892
58155
29789
9158
56984
56987
56986
56980
29775
10273
10272
3029
7799
10270
3897
3028
373156
3895
3026
3035
10278
3033
89927
3032
10276
9162
10277
3030
54165
10274
9166
9167
29777
9168
9169
58189
29761
10282
10284
3014
3015
10280
3017
10289
3021
10285
10286
10287
3020
9173
29766
56967
56969
56965
9107
9101
9100
9103
3052
54145
54148
54149
3054
3037
3036
56950
56954
56951
9114
9113
9112
9111
89910
9110
58190
3043
56948
56944
56945
56947
3069
56940
56941
56942
56943
9123
9122
9125
9124
9126
9129
9128
3077
3074
3075
9121
3073
56937
56938
56935
3059
124641
9136
9135
9134
9133
3065
3066
3068
9131
9130
7750
10346
3087
10342
7753
3084
7752
3082
3080
6619
56910
3927
3925
7746
6612
6611
3920
6613
56912
6616
56911
6615
7748
6618
56913
6617
3099
3098
10336
7741
10330
3094
7743
3097
3096
10332
3091
3090
3093
3092
3918
6609
3913
3915
3916
6603
56929
6602
3910
6601
3911
56926
3912
56925
7737
6606
7739
6605
56922
6604
22796
22795
22794
10328
10329
10327
3949
7728
7726
3945
10311
10312
10313
10314
222161
10318
3939
56902
7716
56901
3930
56906
56905
56904
9079
9071
9070
7791
10389
7798
10385
9077
10384
10383
10381
3964
9061
9060
10379
9064
7786
10376
9063
3954
3953
10370
3956
10371
7779
553115
3958
3959
348477
10365
7775
9097
7776
10363
9098
10362
7771
9093
9092
3992
10367
7770
3985
3984
3983
9091
7769
10360
3988
3987
126321
10352
9088
10351
7763
9086
7764
3980
3981
10357
3976
7756
3977
26750
55186
26751
55183
55182
55181
55187
55188
26973
90864
90861
55194
55197
55196
55191
55190
55193
55192
285830
6695
55198
55199
6696
6697
26984
26986
26993
55160
55164
55163
6678
55161
55167
84220
55168
6687
6683
26994
26999
26998
127406
91851
6667
55173
55172
6666
6668
55177
55178
152006
6675
55179
6670
26747
6672
7703
6655
7702
7705
388401
7707
6659
7709
10308
10307
10301
10300
10302
84243
6664
6662
6645
6646
6647
6648
6649
400506
6650
6652
6651
6654
6637
6638
6635
6636
6633
6634
3908
90865
6643
6642
6641
6640
84263
6626
6627
6628
6629
6622
26782
6624
6625
6632
6631
150967
112464
388545
55119
55113
55111
55116
55114
388558
254531
55108
55109
55100
55101
55102
55103
118433
55105
131544
112479
6595
6594
55135
6599
6598
55133
6597
6596
6591
3107
55131
3106
3109
3108
3105
55127
56891
56890
55129
56898
56892
56894
55120
55157
55156
55154
55159
283298
55152
26960
55153
55151
55144
55146
26953
387082
55148
55147
55149
26959
55140
55142
10152
10150
3148
3149
3146
79991
9045
9049
404734
10159
3156
3155
9040
10155
3151
10156
10153
3150
9043
145389
10154
9044
10161
10160
10163
10162
3135
56851
79982
399491
9057
7691
79987
7690
9050
10168
7693
3142
7692
10169
3145
7695
10164
9054
10165
9055
10166
7699
9052
3141
3140
10170
3995
3127
56889
10174
10171
3998
56882
56886
56888
79974
9023
79971
9025
79970
10175
9021
9022
3134
3133
10179
3113
10181
10180
10184
79966
9039
79960
9037
10186
10188
9031
3123
10195
10196
10193
56829
10194
10190
79959
79956
131578
10199
10198
10197
3191
3192
283232
3190
131566
3187
79947
3188
3189
3182
3183
3184
3185
9015
9014
9013
3181
9019
114112
79939
3178
3176
53838
3157
56834
3159
3162
3163
3164
54014
79921
53827
10208
10206
10209
10200
79903
10204
10201
79902
79901
1973
1974
1975
1977
1978
206358
1979
171023
79913
79912
1982
1983
1981
1984
126231
10229
10227
10228
10226
10221
6500
7625
7626
1997
1998
1992
1994
10217
10212
10213
10215
10210
221092
10211
171017
10244
10243
221061
10241
10248
10247
222070
10245
84302
126208
10240
10231
10233
7644
10235
10234
10237
10236
284802
10239
10238
7639
7637
10269
10267
10265
10263
114049
10262
10260
221037
10257
10253
10254
167227
114044
10250
6559
6558
55041
88523
6566
55048
55049
6560
55052
6546
6548
1901
1902
400410
1909
55056
26872
6579
55062
1917
1915
1912
6583
6584
55068
55069
55066
6586
55074
6567
55076
55070
55072
55071
6571
6574
6575
6576
1936
1933
1939
1938
1937
55082
55080
55081
6515
55084
6512
6513
6522
55089
6520
6509
1948
55090
6505
55093
55094
6502
6503
6504
6510
1959
1958
1956
1955
6536
1954
1953
1952
6535
388524
84364
6541
1967
1969
1968
1962
1965
6525
1964
6526
1960
91949
