4502
7980
7078
6347
9645
3589
4501
7076
5055
3312
3624
25907
3329
2006
6387
4071
4651
10381
2318
3486
10808
3554
5021
1465
84617
51330
3309
10376
11224
8877
1973
7873
595
3182
10383
10525
6427
5742
84790
3371
966
283824
55379
64764
488
10105
83716
6432
3320
54205
10487
51491
3875
3939
6723
23428
9446
4314
3885
58477
4493
445815
5757
5327
8091
3301
27075
4830
5901
1984
5631
4495
29995
7424
4741
6574
23753
4860
6781
5270
4803
10528
23603
70
7334
10440
6525
3159
7168
3326
7045
6428
3557
7280
10576
4691
8728
6662
805
8613
1827
4837
8140
140885
4312
57007
1736
22948
9987
4494
6385
2246
57493
4953
7145
11217
27230
2023
7803
79080
11010
4907
60
7371
4189
11343
90865
5202
8543
5352
2935
1503
3098
26585
3336
6876
284119
5214
10963
56902
54908
4478
23576
7851
6628
3678
