23129
84254
5577
30812
80853
55001
3475
7095
2534
3097
2137
1800
27032
25937
57586
23034
57476
3755
56895
56938
7077
7092
55341
54165
57101
10319
5291
57600
23101
55733
25771
10079
54542
8975
23200
29927
1608
10188
9914
83641
6857
89795
23250
8514
4129
483
5217
79364
440
6196
6596
7037
10335
4171
80216
5523
10644
9175
6480
2736
5522
11343
51175
64778
5337
1739
7879
4133
56922
6507
7145
4983
384
4208
79876
57579
22837
11342
594
79977
55892
2122
22996
7462
6820
55617
4842
51726
55573
285
26227
5742
7093
84144
8829
4616
27128
91355
23331
9252
5106
80336
57761
9658
6907
84056
65009
8140
50615
79838
56704
79187
22898
945
1021
858
857
4233
101928168
2887
9678
54927
23189
2625
5599
22849
22943
219771
64854
11199
152503
9379
374378
833
23086
8496
10019
217
1822
1303
26235
202
55084
57221
117247
2762
7422
83989
5144
8614
90249
1962
10051
55171
27031
51421
5096
25852
80321
55186
7029
54464
11235
23527
1894
8087
84223
22916
79669
54946
5361
79825
11222
51122
10057
26084
54800
23007
25981
6747
1181
79745
2591
55120
6509
4139
26038
3749
81563
100861548
1889
10274
4602
1490
9194
6696
64747
205564
114818
64411
1958
27230
5357
576
5585
3164
55509
84969
6310
23263
84063
112849
10365
7277
2792
10739
50940
1123
2571
58504
79094
57688
83667
1852
23199
9779
23180
60412
4131
60678
63979
59352
90627
79572
406
89978
23175
902
1825
9575
9743
2113
23287
29968
26136
1368
80003
116496
375248
4008
9771
3364
86
4711
57129
6498
64215
6812
1761
5292
9856
9656
54843
4316
9313
5330
2644
79739
57559
51163
23317
22891
84665
57520
55435
2247
80144
306
64116
6541
10150
122953
3480
91947
4916
3687
463
84166
8631
80000
494470
5366
84467
3339
3491
8543
127018
81609
51454
284992
84236
9922
91775
58477
116931
83939
7220
57552
4026
93109
9711
8893
10699
287
166378
23635
256006
5066
51397
9140
78991
51390
9586
7403
80005
55638
83940
84186
83938
3363
196294
8448
283078
143098
84159
10666
151242
3606
5305
51232
23657
22982
121601
152485
79668
4249
5140
6695
152137
4154
10160
5796
5352
10283
9425
55289
10225
50807
221895
80790
1054
84033
27295
23228
2047
5799
7273
92370
5922
153769
286053
23355
1974
261729
776
145773
1831
114991
114793
79623
199221
22808
9542
8407
874
3099
84303
29
54020
80228
622
4868
58191
9965
4774
467
55083
27185
285555
118429
1293
55356
7048
5584
56648
166336
8833
57018
26577
23350
151613
2992
84343
11073
6259
349565
55689
28999
90407
6184
55764
5984
165918
4241
64789
55314
51313
3673
153396
91942
57587
154075
114801
133396
256979
137994
219681
7486
84706
51700
114780
89927
114785
150365
5090
138429
51450
29123
84940
3903
7439
54986
51435
54541
3800
8309
6575
157638
10098
85476
4144
80723
84632
146395
51068
8706
9197
8738
196074
84168
84894
5099
57555
25924
91752
164832
81831
283455
55138
3669
55277
54221
23023
90288
541471
153770
339778
57493
80012
6712
27333
152002
200933
387849
26047
53833
55167
51319
285315
170506
545
256356
92369
56945
200197
55486
1649
5095
196996
79836
146712
22877
169841
8607
4482
797
79915
25914
84002
627
125228
64110
7182
79413
79718
255082
28976
254827
4291
1662
387694
9500
2624
1960
55785
5062
151963
79929
91351
221416
205428
6478
285195
785
23236
2894
79098
6165
80254
57118
56941
7378
390928
2863
146754
5504
9276
4753
201501
83943
283991
4919
255812
348487
89782
348793
339983
286183
8660
84859
84529
153768
23621
342035
3840
7328
129293
130574
1287
4810
5359
7784
387755
348645
2272
9687
9901
8464
1604
30849
6536
3269
3914
57522
79674
23145
1288
1803
645840
389170
140885
200734
4914
9358
131870
4194
27347
4976
51714
84456
259230
284751
80862
389161
730755
163486
25790
100996307
220729
10195
55628
101928079
401022
84627
348751
101929541
348840
100996579
100507057
137196
101927528
101929475
100852410
388550
101928687
285501
104533120
401585
102724699
100289178
101927554
101927043
101060264
101929467
100874058
100885782
101926942
654841
100507391
257068
727956
23089
105374060
101928376
2119
101928784
644873
152195
100507053
283104
100507466
101929423
101927233
100131089
100507291
101927040
389203
100505385
339874
101928942
100507377
91948
101929710
132241
105369486
100528032
9668
283624
105370404
102723165
148189
101927688
647946
