7105
51384
3675
2115
672
1591
4719
1890
7431
960
7414
5874
54884
7546
50484
9564
1535
23223
2296
64761
10513
55726
9748
1308
5588
28951
37
51495
10371
10529
27244
5243
3912
5720
1153
126353
6576
1690
84312
10484
8760
182
1471
4935
56180
11040
10916
27286
2254
80777
3038
64428
57214
23312
4125
1891
6142
51477
3200
23554
79974
57037
196
6505
79937
158471
54894
8714
9120
8821
23220
50862
9600
1119
3875
23371
4048
4940
10162
4121
64065
10846
3910
55603
3156
900
523
50512
7433
79083
23683
51449
58480
79971
2582
6513
1266
2152
5825
6446
23314
84263
85365
10577
64207
26503
4488
317
157506
1475
847
5290
79586
116151
1026
860
1948
3659
6662
650
23767
80818
3397
154796
5447
3976
4189
54629
5655
6303
23025
9518
85441
84951
5468
3691
10763
79710
9475
1643
1912
301
23670
8728
6926
4907
3855
5570
4193
1660
313
10010
8737
81796
6386
204962
30061
84803
122786
10140
9123
64129
81607
26154
29926
817
27242
7162
10957
1956
5631
50808
4781
123
2934
6935
133
85456
143686
9638
7108
9344
266977
162282
223117
23043
7071
64798
4325
7074
119392
135228
391059
139221
57822
64084
516
7832
54058
4000
2905
2232
51
9249
9077
7447
132671
10611
4487
7039
8492
256987
114788
221937
94241
360
57608
121457
79156
63901
51129
3489
283987
2125
57215
55806
53353
255743
3635
29091
5865
129025
214
10678
3856
136
6773
2941
8507
3913
6641
5139
64393
54625
55196
55279
1474
7025
2810
28232
25945
135932
2517
23580
23526
5551
79642
23510
64782
284439
10766
220
5142
56478
57537
25840
7026
113146
5087
677
66002
91404
79659
92737
10123
389792
374393
6275
51434
91392
7088
10447
837
160
375791
50861
92689
6281
6277
54863
6819
57692
389432
3304
6235
652995
2189
150538
400619
440584
6892
400618
283392
60489
400793
106481826
140564
442213
55766
644192
101928176
643401
100507065
100463486
100462977
