6405
51384
8379
843
7035
204
23028
5166
8935
56919
57019
55904
7748
23077
9020
54972
2115
1352
54623
115098
5048
57585
1951
4257
9862
5646
22955
6924
1185
654364
54903
26993
672
1195
23144
440193
1800
92745
55622
1591
23154
23034
64429
1244
10953
7431
960
56895
5583
9519
56938
9135
23279
7260
10061
535
9497
5606
7414
7204
1462
23274
23517
8538
7546
3309
22884
57102
51491
92017
55173
55187
23518
57492
51474
25875
9709
5291
57600
55761
10806
23095
2296
51602
10827
58508
131566
4438
639
55781
6916
5832
79832
51660
10188
23041
28968
8776
55726
28996
23534
28966
10347
23294
7629
55388
23013
9748
1308
4199
5141
30834
55631
55102
3422
6857
89795
24140
25885
51447
55133
22933
4734
23210
440
26986
8891
56852
79658
114049
6929
6596
22905
3028
6793
8907
949
4171
5927
10979
10644
6480
4905
1207
11343
617
55205
23140
57719
51175
10512
7587
2355
6624
7879
55973
4175
4292
88455
55824
55094
4162
9576
2260
10529
3093
55728
8871
8028
2222
4983
9933
56650
22839
4208
57579
22837
25929
23085
23033
57226
7994
79670
10464
54807
2195
790
546
102157402
55892
81929
4799
51194
55787
51171
7205
54947
28971
5990
5775
8886
57017
54997
29058
55617
5829
55614
2521
29965
25977
170961
10081
8761
16
2734
27327
23335
11069
51776
26575
285
57556
8773
201294
7042
9942
2289
3189
25
8829
80270
126353
27037
84861
51586
6598
10291
23481
2678
91355
6576
3956
402055
24144
4809
23331
387590
162
8563
4174
27351
2287
80821
26499
5283
9786
3091
4522
9252
57820
328
5106
5411
10110
80336
6789
23394
7165
4923
57761
113278
81502
63905
182
60625
9658
9663
8731
4092
8780
6907
4935
5422
4281
56180
83692
8411
2254
84056
11151
65057
80777
29070
65009
3038
79613
23406
9100
3163
10295
9810
10391
8925
57214
9455
23312
8669
57617
79848
7976
10940
3551
54332
51366
7264
6713
90459
23516
9639
54758
1891
4793
4858
10469
93145
2091
8775
10567
56917
57664
6528
54555
93436
7639
101927446
1021
51678
858
4233
3200
79974
101928168
2617
7586
57037
55744
79937
23081
573
9124
23268
56652
10360
51684
56647
9644
22943
7511
6158
56521
81619
51195
54894
642
57003
8714
51747
54868
55161
8649
27309
11199
55805
83480
55572
1374
27339
79073
50862
374378
329
833
54733
9600
2965
8496
4598
10019
2967
81539
7421
10162
29915
51522
55003
2651
254394
79632
4121
57515
23195
7803
10973
55084
5191
64065
57211
7922
10846
2762
3910
23438
23107
55374
3156
10087
55819
57472
7265
10622
57561
83989
6897
10723
23286
8614
1627
23567
3273
3836
5947
5576
3373
55081
7372
22916
23276
25981
7134
27086
10096
7781
4358
57142
2335
2744
23301
8869
7701
3398
4953
79954
23683
8604
1746
63892
26038
5906
55870
58480
54856
4209
6723
10459
9887
1647
79971
6738
51377
7709
55700
10352
10765
54680
6513
79033
58155
9588
10274
4297
23271
90025
23469
4602
80264
57539
4709
23314
51692
55127
54942
10783
84263
57706
9480
25940
51076
79591
284058
4488
79886
348995
25902
5110
79684
6883
55068
29880
2107
64374
51247
51780
7112
317
1191
5533
51123
157506
8405
56155
23240
55269
1475
847
7750
11019
84083
51426
54482
10124
9904
23389
23091
57486
65244
64375
79828
55509
81579
57169
56937
10617
10199
55809
9477
6659
6239
83732
6310
171425
10257
1948
652
60386
57409
30833
51141
84172
10045
8189
56261
27111
1059
9491
92675
80818
2342
3397
8242
154796
192669
7389
84063
51119
10131
84081
5908
84286
23352
58513
643314
79066
5782
2770
468
26150
7425
2318
4698
1123
8924
79664
79094
54832
25847
5682
23022
26297
84268
65095
57509
10038
57572
84337
5589
8881
65975
57688
23025
7837
54858
3911
23404
27243
78992
6535
7776
9590
2686
10328
84440
7187
314
60412
116983
54991
5565
79149
5468
23647
6117
60678
3691
23135
1742
157680
6616
5786
4595
51164
10208
5983
201266
28992
54663
9215
79970
57180
81846
4221
80017
1965
9811
8553
89978
55119
10100
10717
56907
51535
54407
57498
79577
85019
8565
1912
1824
51444
1825
9704
54841
9743
23287
29968
8728
23014
6926
84900
9988
57639
6733
10492
4907
55226
517
1019
3855
23416
57224
5570
84279
6553
80003
9816
3915
11137
2317
79621
23143
10643
10457
28969
9238
10010
6498
2058
11311
26750
55339
8027
64215
51759
9128
10541
4609
26953
64425
3590
1761
51645
93643
79969
51439
4647
27314
79731
81796
55601
4316
5962
91801
55177
9581
53836
51008
471
29789
6744
30061
90525
10144
55345
51138
84803
2247
5910
51067
9169
92979
114795
113675
9815
6541
675
79720
10150
145389
8816
7453
6938
6727
7090
55466
7168
5046
4240
374655
84656
64755
5073
55114
463
123920
23174
84916
10040
55275
9905
85464
54828
114799
114876
2627
80000
54808
5366
23476
6455
57677
7226
9875
105372481
10498
112703
473
63976
5226
5567
29922
54499
5451
5202
93183
27
4170
23126
126626
79805
57198
9898
57459
9859
149111
92906
79823
51057
7851
80775
84524
26154
84236
55502
132001
64651
5793
55164
10550
22989
90102
64422
58477
83939
116211
10699
93587
93627
817
287
84869
10299
85409
10788
5066
56929
51397
9140
23092
10667
54901
153527
27242
5558
93663
221806
5814
222255
64434
55869
6872
5631
79618
8667
83940
123
54801
84186
10280
92399
2649
210
23245
54107
6834
90678
56288
6935
3363
10556
118924
6934
85450
22984
85456
8501
79096
472
3992
140710
10435
8479
124446
8091
283078
143098
79741
84159
57536
10666
5305
2308
51232
9871
23657
25819
121053
9223
80224
26019
83643
143187
152485
3628
60558
667
221336
9910
5784
253635
26353
9050
147339
5163
5140
7518
152137
55521
114908
4154
24138
5796
10283
55289
221711
283349
10225
50807
79888
10428
221895
80790
55022
9653
124540
223117
5578
23461
84976
23043
84033
55740
57630
728577
1525
80746
7508
146956
6566
84365
7273
285172
65062
133522
10670
137492
3798
4325
132
3778
57188
10069
119392
159090
84295
60685
10813
286053
391059
2585
1974
9941
4323
673
114793
200634
9577
57822
171586
115572
64084
9669
9334
55607
81544
124044
8867
94104
124995
3460
2618
6651
1827
861
3141
3099
89970
60313
84303
57732
7638
79140
29101
203547
5152
2539
85395
54058
116238
80308
6464
3570
2224
10712
54865
84449
29115
51
221442
51035
51727
26027
4774
254268
127002
164045
148867
28982
80232
7447
554226
115677
10611
4487
133015
7048
23114
8802
200916
6314
166336
57406
132014
25898
56992
64866
7707
55689
80149
5984
79078
133308
56898
51385
5364
51246
8927
84315
8819
308
10393
3673
91942
153733
256987
57587
167153
154075
114801
57107
221955
55568
54468
25862
92421
114788
5001
51271
2395
158405
65083
158234
30968
94134
220963
57156
83860
6621
23203
3251
118426
783
154810
121457
9221
374868
143570
9866
7551
89927
54386
4088
59271
4141
114785
7644
51755
125058
9726
7171
29123
84940
7846
83696
10036
64359
55720
51129
2125
6730
21
23524
6520
57691
93487
54541
92181
3800
4247
648
54899
55806
7148
8754
4725
53353
10098
22847
53407
55308
123355
375704
57507
29091
3667
55130
126129
23214
197370
51068
8738
200894
5747
59339
196074
123207
200558
51181
5881
55454
163590
126789
1107
7324
23587
152189
9482
9723
91752
3035
164832
11214
84864
9778
2941
9637
84233
55863
50515
55636
64979
54474
283455
9533
93134
2110
23566
8507
10243
51112
11346
55277
54971
54221
5139
55222
23023
80011
55871
1717
206338
9943
253558
340252
55731
64318
126868
153770
79812
49854
6599
5797
79834
90441
1106
51134
2787
253827
348180
23269
54872
23051
9156
10302
10260
9024
125988
125144
55690
65108
1649
5095
85007
5771
79783
11007
6199
146691
7025
158135
4482
84617
10301
284001
79915
25914
339487
54993
1196
79446
2788
84942
100129827
125228
80205
7156
441951
266812
79413
475
25945
9772
3615
1662
85460
79962
404217
788
9852
2907
27132
135932
205860
54344
5187
80153
143458
10620
91523
22864
22928
10194
122809
253650
81889
8204
151963
84622
5551
100271836
79642
5464
389362
6748
728294
23760
79813
219902
91351
23109
221416
7262
7562
5890
6472
122553
400629
22906
23236
7267
5831
83698
10946
57634
84206
375133
7378
114781
146754
283869
8073
71
8663
8508
3786
152579
84319
317772
253769
5142
5413
23762
6612
83943
752
646851
57537
80789
10581
10196
84614
54622
8651
64754
7026
113146
5087
677
347918
23532
79581
127602
55217
84529
55330
57496
389177
10168
54331
3638
5138
90624
8372
84307
4137
349667
7003
957
23270
91404
79659
51616
9742
9636
148398
375033
100288637
4810
401541
3014
348645
140576
100132288
401024
79844
100130581
400499
23036
134637
374393
388165
51155
654433
2272
57402
282991
50859
26010
25894
6829
51427
9883
9361
51466
7678
30849
27010
8912
3048
3908
7516
100287569
643836
84941
57473
4763
55534
163051
23365
170384
2764
85379
1778
203102
51703
135398
8831
6840
79027
171392
104
3652
10533
1803
6709
10794
6281
347344
81553
128
26052
7675
55035
84549
26275
6819
83694
9931
200734
147657
51441
10230
339541
11321
11169
23237
339883
11177
6262
22909
80184
9646
26046
55253
7150
6721
79065
9722
353
154467
84456
26830
26835
6084
101954276
26834
389432
206412
387066
26058
6015
339229
221527
10919
4758
50854
3304
23
89870
80862
644019
29902
101927533
10206
92270
7114
7247
9534
151230
6827
4893
221914
10011
6235
1241
100996307
57128
619207
125150
729920
1654
114044
55714
375190
5520
10626
116349
728190
100379345
101928079
284930
554203
155370
150538
253264
348751
65072
100506392
100288413
57291
400619
137196
100852410
100874032
100302692
340512
101928687
728730
8847
101929184
104310353
101927289
100506385
60674
92249
101929467
284900
100874058
100506469
101926942
441094
100507062
400793
257068
221078
204010
102546299
23089
101927550
100302640
57553
105374060
11230
80761
100132247
101928784
644873
645513
727677
100507632
192111
102546294
100506314
100507266
644192
102724885
550112
101929505
100505994
201853
101927233
101928176
101927592
401164
90342
285692
5820
643401
400916
100506272
100507065
101929709
100507377
388610
441355
105369486
103695435
92312
84983
23642
11232
100506691
283459
1523
101928137
283624
283553
100526836
105370681
101926895
150967
101927957
100128881
148189
10780
100294362
100500862
790952
101927481
101060542
342892
284385
100130522
103091864
284260
100129195
100505761
10984
9383
