7105
57147
2729
22875
4267
3927
4074
90293
56603
6542
84254
10165
1856
64063
292
55013
81691
80256
5577
30812
3675
3920
51573
51330
4293
221
9855
9254
7005
29116
3720
6856
1534
10157
55200
4784
6482
23221
10048
51513
83930
928
51533
56920
9902
9066
5329
54443
57146
7869
4007
23324
51667
50865
823
4190
10903
64132
10928
63932
56981
57586
54764
864
1992
2273
50619
51177
2730
55635
58528
3298
1890
355
11119
55591
2896
51306
10908
2530
23604
7077
999
9765
23035
27067
54896
5874
5685
84883
23338
5256
116984
6322
9734
8863
55040
4052
5954
3074
9603
63933
9564
10198
5652
23596
23224
10079
26099
54542
55540
5318
57458
5923
9877
1608
64718
64761
5128
10076
11178
10787
1001
63916
10513
79763
57491
10838
22998
9914
5476
6558
55711
10362
4942
2065
10954
5588
23216
84679
55810
5525
259266
2263
51015
10565
2235
6672
4756
23471
387
1659
5165
2182
65055
57217
10235
27248
375449
23285
54626
483
10681
4925
6710
23446
55062
10420
29105
26031
490
11320
6196
22846
29995
28951
26528
79901
5566
224
64398
3161
8974
54820
56666
80216
3993
5523
10129
4854
59277
9891
54878
3998
56005
55160
10371
285527
23505
5337
284403
1739
5939
32
55796
57662
5909
29089
54431
827
79960
203427
7319
2192
4133
27074
3205
57690
83737
58476
6507
7145
5236
8671
6595
27244
5933
10403
6932
28962
9262
93664
23239
5205
55437
1741
56256
7188
4779
79977
3034
54434
2950
334
1307
60509
3732
2122
29957
57549
5243
231
2017
4258
55624
27102
54749
29887
22929
581
9509
118
2778
10059
7022
6790
6820
2767
80307
23348
55608
51161
80024
26074
10961
53827
5349
78990
55760
645
51650
7023
51726
55214
1947
54918
3655
5720
55012
55632
1299
7430
1808
9209
10013
51430
54566
54187
7093
1592
10580
28978
3710
23411
11332
5125
23555
51257
9524
8045
421
5902
23523
56241
5625
29775
157
26088
23616
11078
7078
6305
25777
11252
10042
164668
23492
5155
51199
114088
9517
5641
51804
10202
4792
5721
9985
10484
5875
26090
958
4605
57167
655
1522
28231
140862
10139
9751
10398
51654
6640
1471
191
81610
10627
23253
1478
5716
115201
10857
55916
79868
5634
9949
215
5358
140462
6102
5127
2245
27286
94121
2491
1821
2717
51566
22862
688
5611
143
28984
160851
57149
4324
83716
4363
4682
1428
9780
55313
64131
79838
57722
2184
23359
90427
23678
760
8767
54928
9694
54845
64089
63898
10671
54793
427
3783
4924
147700
79816
166
9466
22870
57716
27134
10226
79784
945
1954
10945
2906
22900
3718
51477
7392
154661
9512
3696
6671
94239
23288
23242
3315
5118
3268
8985
113263
95681
27075
196
644
6009
51422
7461
3984
54981
23731
7464
7046
10952
26468
23413
7016
23586
169792
20
7763
26033
22841
27143
219699
64115
9562
91452
57178
10105
101929777
1362
3959
8506
10493
3131
9120
23531
8821
2549
11275
7466
1182
51809
23321
9693
51274
10553
1075
91057
23220
10938
595
10114
4192
8567
9049
23086
23603
4891
57460
10988
4048
2004
2305
217
1027
6337
4940
397
56890
79158
2026
55907
1303
29940
54516
2178
11329
26268
9308
51715
11149
2822
7915
202
57221
51696
4188
5754
55754
55603
59084
9096
55914
1611
10112
411
2566
28965
5144
10007
2908
3977
1809
80315
58515
93973
604
27031
51421
80321
55186
1294
3280
23527
79669
23150
5361
50512
26084
23007
6508
200576
30818
57669
9540
1058
29959
10297
64135
25801
79745
2591
55704
84141
3485
80219
8809
6549
79083
23178
9014
6382
390
66008
51449
2034
6697
2043
607
55103
9917
115353
23463
3065
127544
55223
26232
26270
3953
5321
1491
10745
252839
64960
149371
51440
4610
57568
9783
6675
5129
1889
1380
991
9048
533
10103
2166
9890
11123
4751
6195
29937
57488
23184
9928
83479
8828
8609
9324
6446
81847
1490
103910
6185
9429
10983
11278
687
80212
9991
11064
8013
79695
5228
10577
64207
4053
5826
57718
4329
4072
3416
83401
3437
84795
60370
2805
29126
84918
57480
64411
7181
83468
1846
81558
8702
51029
9479
1408
576
5290
113452
55791
29899
2971
84293
7291
48
78996
800
11130
9559
11113
1031
11228
79365
3709
11059
10549
5585
540
2974
10133
3164
3229
6491
55355
9643
139231
79809
9111
130399
9926
57826
23682
1164
79586
6385
8202
5335
84969
400961
10396
79983
27076
29993
57380
5269
5190
2739
860
583
55715
65109
7737
23157
6662
9953
79637
79902
8744
970
9322
2354
56255
6238
23767
631
83658
7067
2537
2002
9787
83543
3188
1678
9088
146330
55504
5447
8910
7538
53947
23780
9732
93986
57464
4189
2571
57045
29767
60559
79733
54478
10749
51105
23639
57153
10053
1032
5655
25938
112399
64097
1028
6303
23677
158747
5819
148229
376497
9518
92359
140893
84971
27237
9473
55337
4354
22927
11046
80328
23229
6451
2161
6533
7283
80762
55107
3597
54521
7153
10401
64087
3958
6737
23167
5791
64208
63979
4147
22903
9826
9633
64900
51526
842
10810
5287
79710
84707
79589
54885
79921
90956
83857
23075
51669
4017
92259
891
6272
5738
29841
129607
3572
3601
4038
1643
51765
55143
192670
51361
25941
9415
2113
26578
1514
79616
29969
22881
22832
167691
2001
79056
967
10220
3679
2583
93058
9700
85021
7006
10322
2016
27345
2799
3775
54583
22796
65080
5270
3300
51719
50649
10970
55332
26586
9882
79866
4008
10253
83852
64759
80727
57538
55852
10238
6326
274
9394
7295
153090
5082
1515
4856
10695
63971
5292
7020
10817
9856
55227
3159
8870
57176
132864
85462
408
54843
5547
8836
6653
56649
51203
9493
54852
3706
55075
5330
53905
145783
51332
8412
10669
1545
3832
22891
140766
316
580
6775
3417
3685
83666
55329
26035
83478
55008
51191
55435
8654
11107
55589
80144
950
246175
57619
306
1062
9061
64116
5998
83606
23710
144165
22822
282809
144193
84915
9818
94
7009
55647
79774
122786
57161
376267
122481
10516
2958
92912
10499
79661
3480
80119
1543
145864
55215
5045
8826
85407
221184
84166
29948
2588
58488
10140
90507
22901
6760
7157
6904
6398
56270
2064
113230
10410
1291
1292
9980
207
114783
128272
79180
10733
9064
84224
3339
3491
64129
5792
8543
3321
1952
23432
481
261726
81607
83540
1382
57592
54507
5993
55793
8416
11221
8751
11000
25912
3930
9580
22874
130497
10130
805
54465
94097
284958
6574
151126
79137
54977
10217
26018
64332
91775
7220
57552
7873
286676
4585
1609
57205
115265
56034
170690
10769
5295
10184
5921
153328
10318
23138
4794
51302
135293
58527
113130
2041
54892
357
30011
29934
1730
55086
84443
80005
8601
6867
28957
51110
55638
114569
4781
203228
84131
53358
84641
58499
401548
6837
9536
120
1979
7761
5795
143686
23052
79780
4684
89944
283208
6768
64405
11098
85458
3606
3708
7068
55293
90488
55691
2059
121601
1909
4306
291
60485
4249
57405
10618
130271
79925
133686
53354
7402
5884
5352
23589
55024
51061
831
60592
10461
84910
4929
6328
9481
3621
112616
64795
55625
162282
8526
147463
404550
84959
4900
79705
83648
89780
126731
388650
27295
10950
9989
124739
113612
150696
23097
158219
333926
1622
9337
166968
342357
118788
9601
8324
5922
154064
1633
7102
7074
5097
219743
135228
80223
93010
123803
9372
3084
1376
261729
203328
776
9133
145773
139221
1831
2114
90139
84187
4599
114991
9478
150946
56896
127281
7498
55113
26504
199221
11013
22808
55179
8450
286527
9542
55567
8407
50848
978
65018
57685
29980
10481
51094
23400
5692
267
9813
29
10020
2909
808
55108
9619
54020
23308
11182
84885
147945
51043
79671
23623
4000
80228
11282
126433
622
55260
58191
899
114984
9965
8613
5563
205
3716
55225
54751
9249
9077
51375
284611
93185
79961
148362
9261
130814
112942
56997
6443
132671
6282
7855
250
476
1999
10109
134
79885
5274
56648
1040
25976
54502
84343
6259
54585
151636
51460
50650
4241
114625
79982
5308
9348
55314
51313
3600
729830
2150
153642
836
51752
64167
10370
285761
133396
9263
9232
26872
55536
94120
619279
25798
256979
5828
90390
734
23353
55074
2852
501
1345
116039
8323
115908
55656
2669
57462
11168
6850
19
117531
203286
155368
58526
57526
195828
9833
220213
220972
219654
283209
382
123016
51339
11092
5979
57608
90809
57447
55701
153579
259217
144455
120071
79789
120935
9317
56935
161742
120863
8879
79156
1528
8495
51700
84460
6764
55839
440026
7465
80323
115811
27018
63901
5347
91419
6809
79837
115752
2923
4824
5090
399665
57171
56905
51704
64127
4645
6786
55128
2879
55762
29946
29785
558
10653
352909
10501
113655
90990
63826
25818
5653
3489
10476
146664
137695
5866
2495
9881
4054
29901
51435
55872
114990
27249
8309
3660
378
84879
6890
197259
80346
649
256309
347735
255743
80319
79867
6645
3635
2915
221749
84179
5650
25849
53944
5865
10636
8706
5780
83877
84168
699
201255
10555
9079
7360
3175
9185
8460
2990
25924
214
375484
123606
9121
2172
10491
983
10678
2353
160518
84305
57228
9229
3790
3799
79145
25948
79042
11162
26115
112464
26108
5569
4534
9655
29071
81603
81831
140738
2548
9
5734
598
5293
55092
54777
5728
57834
83660
7857
8462
794
6641
84331
10125
253725
93550
167227
5017
5916
54961
51162
26579
156
10855
203054
81839
2804
1605
79102
339778
5707
27333
3212
128344
253512
285704
5306
170261
26047
246330
79647
7368
9975
8322
2523
11065
149420
200197
10106
9537
9134
55844
79772
10589
79836
5870
145270
2118
375757
340481
379
126792
286262
55057
7525
6051
9699
222171
9920
2300
8851
344148
54621
2902
2524
6470
64787
196527
7050
7182
10009
374969
158056
259173
205327
54762
163071
767
56998
115207
26873
112574
2517
5886
256472
2624
64856
24147
7681
10472
3352
9582
163732
66004
8575
223082
55785
90411
221687
84333
55432
169200
120103
23513
23510
90843
1728
2149
94025
55526
205428
90355
768211
55343
6517
91050
219790
11022
56963
785
402415
201305
164091
80781
221178
162967
57118
4703
389337
284656
54855
54039
84193
359845
146223
23466
346389
390928
83999
150209
128239
6331
3768
5504
220
4070
401145
254887
1946
1435
84441
9021
340061
8303
157313
139285
642273
55967
8971
11274
10572
23764
56899
338440
59307
51186
283991
147111
10634
5600
25840
4919
3665
5592
4603
3434
10134
140691
3916
286183
8660
93273
345079
55693
7626
55922
11118
4051
2306
4771
221491
139886
53373
129293
55893
5465
83715
4286
130574
55182
2650
4059
11261
2563
10507
347454
92737
126432
284434
10123
65998
6300
1287
342527
5359
2963
137392
6402
389792
339287
79979
339977
4697
3005
9516
83862
80320
1364
6284
4661
6275
79633
36
9725
63939
1604
79754
2050
6276
60312
4122
55959
91392
112479
51321
1612
2760
6273
7088
89853
64771
57181
837
79830
92714
375791
5265
7718
4217
55753
50861
5154
1305
4644
26037
5167
92689
80217
100506658
23303
30001
55552
5336
6277
6136
4155
7637
140885
2870
5557
54830
337876
54863
219844
11060
2673
9747
83699
55319
51062
131870
4326
26112
27347
801
9060
10479
10455
81706
26049
9824
51465
9853
80823
4215
3897
221002
6170
9848
4668
54470
9867
170958
116228
100132074
26146
257407
57683
389058
4277
3107
780
3133
3134
642475
286144
55366
100113407
9289
54809
388931
192668
10866
3105
348801
2013
652995
54492
440503
283551
64283
55449
55672
23467
100506100
100287765
100505783
80772
221710
401399
84627
151475
6892
647219
404266
643596
158801
257415
3106
387882
642776
105370040
101929567
10824
283392
100131213
91368
439990
55592
90120
100134259
60489
730091
101927111
541565
390003
140564
57529
1650
2119
442213
101929295
152195
284080
643201
342184
6414
399474
100506365
9724
100874249
9668
146429
3217
146336
100505592
100507218
101928845
101927151
