7105
22875
51384
3927
56603
3675
3920
64847
2115
10083
8938
6856
3077
54443
672
9961
5238
1195
823
4190
23187
1591
4719
1890
7431
355
960
2896
7414
1462
9765
79142
5874
54884
7546
50484
55173
3074
9564
1535
23223
6307
3909
29085
2296
23224
26999
64761
11054
10513
55726
9748
1308
5588
2263
55102
2261
55062
10610
26031
6160
54556
6400
28951
87
22905
37
6793
6389
4905
51495
10371
5250
3566
10529
5236
27244
1371
9262
2950
334
5243
8895
54700
581
28971
55608
1947
3912
1738
5720
1384
55357
1153
51257
126353
56241
6576
10521
706
2287
1690
5836
9786
9517
3091
5721
84312
10484
2937
140862
9770
113278
8760
10483
55612
182
6640
1471
81610
57534
4935
56180
6594
11040
8237
27336
10916
27286
51566
2254
80777
29070
4832
3038
79613
83693
23406
64428
114294
10391
57214
23312
10940
90459
665
4125
1891
10567
3978
6142
51477
64763
3200
23554
79974
1174
57037
27075
196
6505
79937
158471
10952
59
56647
10531
1326
6158
81619
54894
3959
8714
9120
23531
27346
8821
1363
6164
23220
50862
5818
10114
9600
6207
10312
1119
3875
23371
4048
6337
4940
10162
51522
4121
266727
64065
10846
5754
8899
3910
55603
3156
900
3977
523
50512
7433
29959
6209
84128
2335
6772
8869
100526767
79083
23683
51449
55103
58480
79971
5997
965
57568
10765
2582
6513
1266
2152
5825
55157
101928189
6118
56912
6446
23314
84263
85365
56252
10577
64207
51646
26503
4488
84918
10808
317
2053
157506
10520
1475
1408
847
5290
1314
1031
26994
79586
116151
57169
1026
860
1948
3659
6662
79637
6628
650
23767
80818
3397
154796
79654
83786
3306
5447
7263
3976
4189
54629
5655
3169
112399
6303
83861
23025
9518
85441
283120
54521
84951
7153
57343
3337
5468
3691
22903
10763
4595
79710
891
3656
8536
9475
6210
1643
53
1912
55143
301
23670
8728
6926
57231
4907
967
3855
5570
2016
2799
4193
1660
51719
83548
313
10010
84681
84904
8737
132864
81796
6386
55601
53905
204962
3032
26509
55165
3685
30061
9728
55008
84803
55266
6821
54509
122786
10169
64755
7385
10140
11322
9123
8612
10410
80162
1291
1292
114783
23521
64129
223
81607
27173
26154
114790
29926
10550
141
9353
1609
817
6189
10769
5295
10788
64924
7941
27242
7162
10957
1956
29934
5631
6134
93100
50808
4781
123
2934
138151
6935
1979
133
85456
143686
23052
9219
9638
5331
7108
9344
196513
84910
5937
266977
55022
162282
223117
4900
23461
23043
7508
7071
51582
64798
134353
4325
7102
7074
119392
159091
135228
391059
139221
57822
64084
124044
516
65264
201176
7832
150275
4047
54058
84885
6464
4000
221908
9684
2905
2232
51
25946
284361
899
283237
6159
9903
116362
9249
9077
164045
79762
7447
554226
132671
10611
4487
90957
7039
6133
54502
8492
308
256987
836
64167
114788
221937
94241
138716
360
283209
3636
161436
123016
89890
57608
840
121457
79156
3611
63901
23339
90990
51129
3489
283987
2125
2495
57215
6890
55806
347735
6774
8313
53353
255743
79867
6645
22847
55308
3635
92305
5480
29091
3667
22809
5865
129025
23119
5986
214
10678
3856
136
5272
6773
5429
8493
79042
2941
80131
5734
8507
3913
6641
5139
64393
54961
8824
54625
8793
254896
1267
23333
128344
80311
55196
11065
55279
9134
1474
7025
2810
79666
379
84617
28232
64787
8541
7050
475
3725
25945
158056
79962
767
135932
6415
2517
10472
23580
144811
9582
81889
23526
8204
5551
79642
404093
23510
286077
1728
64782
284439
2149
64219
94039
51363
653604
23466
10607
10766
79174
220
5627
5142
56478
642273
6612
11274
57537
8694
10509
126282
25840
7026
113146
5087
677
79581
200942
66002
345079
54331
91404
79659
51616
9636
81848
92737
10123
375790
79862
389792
7390
283219
51136
374393
282991
6275
79633
6829
6276
51434
23654
91392
6273
7088
10447
837
160
8270
79830
375791
26020
171392
373156
50861
92689
6281
197342
55210
6277
54863
6819
11325
7576
6262
9060
10479
9646
140606
6170
9666
9722
57692
106479178
106479185
389432
3304
3303
3107
780
54809
5268
6827
6494
6235
91664
652995
54492
729920
55714
2189
116349
548596
65010
150538
400619
440584
154860
6892
2876
100129482
400618
283392
3833
60489
400793
106481826
140564
442213
55766
644192
148898
101928176
643401
6414
100507065
100463486
100462977
197187
414778
100463482
