23129
84254
5577
30812
80853
55001
7095
2534
3097
1800
27032
25937
57586
23034
57476
3755
56895
7077
7092
55341
54165
57101
10319
5291
23101
55733
10079
8975
23200
29927
1608
10188
9914
83641
6857
89795
8514
4129
483
79364
440
6596
10335
4171
80216
5523
10644
9175
6480
2736
5522
11343
64778
1739
7879
4133
56922
6507
384
4208
79876
22837
11342
79977
55892
2122
7462
6820
51726
55573
285
26227
5742
84144
8829
4616
27128
91355
23331
9252
5106
80336
57761
9658
84056
8140
79838
56704
22898
857
4233
2887
9678
54927
5599
22943
64854
11199
152503
374378
833
23086
8496
10019
217
1822
1303
26235
55084
57221
2762
83989
5144
8614
1962
10051
55171
27031
51421
5096
25852
80321
55186
7029
54464
11235
23527
1894
8087
22916
79669
54946
5361
79825
11222
51122
26084
54800
23007
1181
79745
2591
55120
6509
4139
26038
1889
10274
9194
6696
64747
205564
114818
64411
1958
27230
5357
576
3164
84969
6310
23263
84063
112849
7277
50940
1123
2571
58504
79094
83667
23199
9779
23180
4131
60678
63979
59352
79572
89978
23175
902
1825
9575
9743
29968
26136
80003
116496
3364
86
4711
57129
6498
64215
6812
1761
5292
9656
54843
4316
5330
2644
57559
51163
23317
84665
57520
55435
2247
80144
306
64116
6541
10150
122953
3480
91947
4916
84166
8631
80000
494470
5366
84467
3339
3491
8543
127018
81609
84236
91775
58477
116931
83939
7220
57552
4026
93109
9711
8893
10699
287
256006
5066
51397
78991
51390
9586
80005
55638
84186
83938
3363
8448
283078
143098
84159
10666
151242
3606
51232
23657
22982
152485
79668
5140
6695
152137
4154
10160
5796
5352
55289
10225
50807
221895
80790
1054
84033
27295
23228
2047
5799
7273
92370
5922
153769
23355
1974
776
1831
114991
114793
79623
199221
22808
9542
8407
3099
84303
29
54020
80228
622
9965
4774
467
55083
27185
118429
1293
55356
7048
5584
166336
8833
57018
26577
23350
151613
2992
84343
11073
6259
349565
55689
28999
90407
6184
55764
5984
165918
4241
64789
55314
51313
3673
91942
154075
114801
256979
137994
84706
114780
89927
114785
150365
5090
138429
84940
51435
8309
6575
157638
10098
85476
4144
80723
84632
146395
51068
8706
9197
8738
196074
84168
84894
5099
25924
91752
164832
81831
283455
55138
3669
55277
54221
541471
153770
339778
57493
80012
6712
152002
200933
387849
26047
53833
55167
51319
285315
170506
545
256356
92369
56945
200197
55486
1649
5095
79836
146712
8607
4482
79915
25914
84002
125228
64110
79413
79718
255082
28976
254827
4291
2624
55785
5062
151963
79929
91351
6478
285195
785
2894
79098
80254
57118
7378
2863
146754
5504
9276
4753
201501
83943
4919
89782
348793
339983
8660
84859
84529
23621
3840
7328
129293
130574
1287
4810
7784
387755
348645
2272
9687
9901
8464
1604
30849
6536
3914
79674
23145
1288
1803
645840
140885
4914
9358
131870
4194
27347
4976
51714
84456
284751
80862
389161
730755
100996307
220729
10195
55628
101928079
401022
101929541
348840
100507057
137196
101927528
100852410
101928687
285501
104533120
102724699
101060264
101929467
100874058
100885782
101926942
100507391
257068
727956
23089
105374060
2119
644873
152195
283104
100507466
100507291
389203
100505385
339874
101928942
100507377
91948
101929710
132241
105369486
9668
101927688
647946
