8379
7035
23129
84254
115703
10165
7982
55013
5577
30812
80853
55001
3475
1352
8842
115098
6329
3720
4784
23221
7095
10048
5646
22955
2534
3097
54799
9066
2137
1800
84220
27032
25937
56981
57586
4331
23034
4361
114879
57210
57476
9821
50619
30846
8630
11231
3755
56895
55591
56938
57514
6301
7260
28990
7077
7092
7204
79567
26064
27067
54896
65078
23026
55341
8538
54165
54875
57101
9734
168850
23518
8863
10911
4052
57492
51474
10319
9709
5291
57600
55761
1112
23101
3784
10806
55733
25771
10079
23369
54542
8975
23200
5218
29927
1608
4084
55359
65125
10076
79832
60488
10188
84649
9914
23294
7629
54887
9697
91526
4638
83641
10797
84679
9682
60487
57623
5255
79091
6857
89795
9759
56850
23250
57217
55133
375449
8514
51083
4129
483
4734
5873
5217
5774
4335
79364
440
29105
56852
9448
6196
26528
6596
55679
224
7037
10335
949
4171
56666
80216
5151
4185
5523
10644
9175
6480
10129
2736
5522
11343
51175
55160
8672
64778
2355
5337
1739
7879
5076
5939
88455
4162
8527
83992
7155
4133
9063
56922
8028
58476
114880
6507
7145
4983
2037
9933
50939
384
4208
79876
23239
57579
22837
1741
4779
11342
80036
594
79977
64744
1307
22979
22924
55892
2122
81929
29992
57549
22996
29887
54469
7462
51701
9509
51720
64395
57091
6820
1795
57593
54997
5027
55617
55614
4842
78990
6548
57060
3383
51726
16
51776
55573
83394
79776
285
8773
26227
7042
55105
1312
54566
5742
7093
10580
2289
84144
8829
7593
80270
4616
6598
27128
4242
29775
91355
157
23331
55964
6942
25809
150379
3705
145508
23405
22990
7443
89932
9252
328
5106
22981
3172
4773
80336
57167
5203
57761
5332
1869
9658
8731
5932
412
6907
5422
79868
286410
215
10389
5251
8411
8428
55757
23078
84056
10232
65009
55512
1186
8140
23062
57478
4150
50615
79838
64799
64927
9455
79895
10404
5327
56704
6788
23516
157697
9639
10382
93145
8725
79935
79187
22898
945
9545
587
2639
1777
6324
1021
51678
858
857
4233
64327
11112
101928168
2887
84725
2617
8896
7036
3268
9678
54927
55744
6009
83856
9830
7464
80709
1759
23081
23189
23413
2889
2625
22841
5599
22849
9148
9644
22943
219771
8787
101929777
5414
10743
64854
26511
23158
11275
11199
152503
25854
9404
51111
9379
25906
9828
374378
329
833
23086
8496
41
11272
10019
217
81539
1822
1303
29940
8732
135112
10090
5467
2178
22858
60468
26235
202
55084
57221
117247
57211
9749
7957
135138
4188
2762
7422
57666
8622
7060
57472
4437
10622
29102
83989
5144
10723
8614
80315
90249
1962
10051
55171
27031
51421
5096
25852
80321
55186
7029
54464
11235
23527
1894
8087
56987
84223
22916
79669
54946
5361
79825
79858
11222
57088
51122
10057
26084
54800
23007
25981
6747
1181
27086
30818
55240
90
2888
79745
2591
55120
9014
6382
6509
66008
84634
2043
117583
7840
4139
26038
3749
4209
81563
51440
9132
10000
100861548
1889
1380
79033
58155
10274
23271
22926
9331
5325
9465
4602
1490
9194
2309
6696
64747
5493
57539
205564
8727
10783
27130
57706
27030
114818
1788
54454
84795
4601
64411
84068
55068
80209
1958
27230
5357
8835
1191
2185
79912
7750
576
79712
84083
644150
79365
101928705
5585
2974
64105
466
3164
55509
27161
343578
84181
84969
10396
2914
29993
222643
6659
6310
9208
171425
10257
652
60386
2354
56261
10616
8195
631
8894
10426
23263
84063
112849
8089
30817
10365
7277
401388
2792
10739
2781
468
11135
80115
64753
10651
50940
1123
2571
58504
79094
91860
25847
8930
5682
23022
26297
51105
64097
863
84766
23677
57572
51295
348
51250
65975
57688
7837
25830
84929
83667
1852
23345
23199
9779
23180
6533
8639
60412
4131
6627
54558
23225
55556
10346
10267
60678
57533
63979
23135
92154
54453
23208
29958
59352
5983
90627
84707
23640
28992
114904
79970
79572
51520
406
81846
80017
57578
79820
9811
89978
10100
56907
23175
902
91768
1825
80206
9415
9575
337867
9743
2113
9315
23287
29968
26136
79899
10220
1368
80003
116496
3300
375248
50649
84102
79621
23143
4008
64759
9771
3364
10518
86
4711
57129
6498
64215
6812
4609
4856
1761
5292
9856
9656
54843
6653
4316
9313
51496
54839
5330
2644
79739
109
79847
57559
10579
1847
403
51163
23317
22891
84665
79675
57520
10152
60490
10144
55435
2247
5910
80144
306
1950
5530
64116
58516
84216
51279
9746
113675
84260
6541
8608
94
81624
10150
145389
2100
122953
9245
7090
3480
91947
9960
5046
4916
55070
79631
6457
3687
5073
85407
463
84166
3801
8631
85464
6875
10650
80000
409
6398
494470
54808
5366
4782
9980
126208
84467
115704
85452
63976
3339
23421
3491
8543
481
55827
9095
5202
127018
7286
1893
81609
126626
25896
79805
10456
3782
149111
22874
79823
51057
7851
339745
51454
284992
84236
51281
129563
80852
10217
9922
115286
26018
91775
90102
58477
116931
83939
7220
57552
4026
93109
9711
285150
116211
4585
8893
10699
79966
93627
287
166378
80854
170690
23635
256006
5066
64839
51397
9140
78991
23138
10667
54901
84249
153527
22838
255426
5558
55023
253714
84553
51390
26230
9586
30011
7403
55869
139818
26260
79618
80005
55638
114569
83940
203228
84186
53358
58499
221061
56288
83938
3363
10556
6934
196294
85463
9651
64405
8448
283078
143098
84159
55208
57536
4253
130576
10666
151242
3606
5305
51232
23657
775
7068
22982
9223
145282
80224
140609
83643
143187
121601
166785
152485
8853
80014
2180
636
55835
64417
79668
23704
4249
5140
6695
7518
219333
152137
114908
4154
10160
7402
5796
5352
166647
10283
9425
55024
55289
221711
654
6328
10225
50807
121793
221895
80790
1054
79047
23576
124540
404550
83648
84033
91694
388650
27295
92106
23228
9989
51560
2047
139322
5799
23097
136332
26148
7273
133522
92370
5922
3798
132
571
153769
60685
23522
114907
286053
23355
1974
9372
7804
261729
23648
203328
776
7567
55799
145773
1831
90139
114991
203197
114793
56896
9364
84465
116987
9577
138639
79623
199221
22808
55179
115572
9542
55607
1780
5207
8407
115584
57685
874
6493
3099
64843
221188
84303
29
4882
126549
9619
54020
5152
26086
57731
84446
9442
80228
126433
622
4868
55260
50944
58191
146439
22941
220004
9965
8613
5563
55450
4774
51375
254268
25903
467
126859
163589
100288142
55083
163882
27185
151473
115677
285555
10602
54876
118429
1293
55765
55356
7048
23114
5584
56648
130026
166336
8833
57018
200844
323
26577
23350
151613
2992
84343
11073
6259
285126
54716
349565
131601
55689
28999
90407
6184
55764
5984
165918
54965
4241
64789
51385
25886
132160
55314
51313
3673
153396
79993
91942
84059
4724
117156
134266
57587
7015
2898
154075
114801
133396
6100
26872
222223
94120
619279
256979
2636
11168
137994
117531
158401
158405
55342
219681
7486
220963
57156
10807
219736
282974
160419
79789
783
27291
84706
6692
717
51700
5271
4004
84460
9866
440026
114780
144100
89927
348094
114785
150365
5090
138429
51450
83473
3481
4645
29123
8085
84940
7846
3903
114823
83696
729359
10501
124935
162514
7439
6520
54986
283234
51435
54541
3516
3800
648
54899
8309
84879
4543
377007
11031
7148
203190
6575
157638
753
6474
10098
3592
85476
4144
80723
153241
221749
1285
79740
4920
55130
84632
255738
146395
197370
51068
8706
9197
8738
25932
196074
84168
84894
55454
5099
4584
3684
57555
1107
25924
10477
220988
9482
10446
91752
3892
160518
164832
98
347273
3790
9788
90161
26108
100125556
5581
81831
2548
283455
23566
6902
55729
10243
55092
23261
4300
55138
84978
57834
253152
51315
3669
253782
171024
55277
54221
23023
79612
90288
254042
253558
541471
65059
9657
153770
79812
49854
286042
256710
5797
339778
5091
57493
80012
26996
6712
27333
152002
200933
253827
285704
387849
23051
10302
26047
53833
55167
7368
9975
51319
285315
253982
2523
170506
26259
6580
9435
79683
545
256356
92369
56945
200197
55486
1649
5095
9537
85007
196996
79836
79783
146712
22877
145270
169841
8607
4482
375757
797
55057
10301
284001
79915
25914
51379
9699
161176
79446
84002
627
54621
125228
64110
7182
79413
79718
401474
79605
255082
28976
254827
56975
4291
1662
254251
387694
389072
59344
128218
9500
143458
2624
10620
1960
144132
10331
285464
440905
223082
55785
222166
23060
5062
151963
84333
120103
79929
84698
388341
91351
339500
55076
221416
399664
205428
6478
22820
285195
1366
25825
3770
716
785
389084
22906
23236
9628
2894
79098
6165
80254
84316
89874
57118
9284
728340
57634
56941
7378
390928
57528
148641
114781
2863
146754
256435
3786
152579
5504
84319
401145
8398
9276
11156
340061
4753
201501
155435
8971
83943
3714
56899
283991
266722
64754
6450
4919
255812
348487
89782
348793
339983
146760
286183
8660
84859
84529
51741
84937
114792
153768
23621
3858
342035
3840
85002
7328
55615
25794
53373
129293
5465
7003
130574
57698
339327
4059
200424
51393
79048
1978
342979
1287
4810
401541
5359
388228
137392
7784
375298
387755
388533
348645
144535
84247
401024
149297
400499
257313
121642
2272
57402
3556
83931
9725
9687
9901
8464
487
1604
647135
30849
6477
140680
6536
3048
158431
3269
154807
85301
8187
6334
3914
57730
57522
203102
23507
27044
25788
8831
728
79674
4644
10533
23145
23556
1288
1803
645840
23315
51710
81553
4155
389170
140885
54708
79366
23334
9931
200734
4914
7296
9358
131870
339883
4194
27347
338811
81706
4976
51714
9760
116461
2869
84456
259230
26829
101928673
282996
148418
284751
257407
55219
3108
55777
170679
80862
2550
64901
83538
29902
2843
101927533
9289
54065
285636
283314
131118
389161
401089
389136
23243
730755
84258
163486
25790
9534
102724826
100996307
57128
220729
10195
79729
619207
92482
64283
100506713
55628
375190
5520
112597
106480673
106481654
728190
100287765
100505783
101927027
100379345
101928079
401022
284930
283050
84627
253264
348751
101929541
101929378
348840
101929574
440498
100288413
57291
101927394
100996579
100507057
101927768
285962
137196
197135
101927528
101929475
100852410
387646
100506012
344875
100302692
388550
101928687
285501
104533120
728730
401585
378805
101928578
729348
102724699
100289178
400221
101929464
101927289
100506385
101927554
285456
100506325
100528031
101927043
101060264
387882
642776
101929467
100272228
100509894
101927125
100874058
100885782
101926942
654841
100506963
100507391
100506866
101928438
101927891
26220
100874048
101927750
100506826
100505687
100126793
201651
730091
257068
221078
100128025
5297
727956
23089
30816
100507524
105374060
339894
100132247
202459
692099
101928376
2119
10443
101928784
497258
644873
645513
152195
100507053
283104
286190
100507632
642924
100505678
100128285
390595
338739
102546294
100506314
100131067
100507266
100505894
102724885
100507466
101929423
201853
101927233
100131089
100507291
101927040
90342
285626
285692
5820
283140
389203
102546227
90423
100505385
339874
101928942
100507377
641339
91948
101929710
100507487
132241
378938
101927487
100750225
100288181
105369486
101927708
84983
100528032
9668
100506691
100506606
256021
105369748
1523
283624
105370404
283553
102723165
100506686
3217
100134229
101927957
101928035
100506083
148189
245
100507002
101927688
101927481
101060542
100128568
100130522
647946
105371849
10984
100303453
100528007
9383
339929
100527978
