TermID	Term	Enrichment	logP	Genes in Term	Target Genes in Term	Fraction of Targets in Term	Total Target Genes	Total Genes	Entrez Gene IDs	Gene Symbols
SM00094	TR_FER	0.00361010484056229	-5.62401846535205	3	1	0.0909090909090909	11	9131	4241	MFI2
SM00111	C4	0.0072083577384974	-4.93251412915053	6	1	0.0909090909090909	11	9131	1287	COL4A5
SM00294	4.1m	0.0167460220813385	-4.08959453659701	14	1	0.0909090909090909	11	9131	26047	CNTNAP2
SM00702	P4Hc	0.0191173857848932	-3.95715710743836	16	1	0.0909090909090909	11	9131	5352	PLOD2
SM00231	FA58C	0.0250230659336611	-3.68795724213571	21	1	0.0909090909090909	11	9131	26047	CNTNAP2
SM00282	LamG	0.0517750866898812	-2.96084619734397	44	1	0.0909090909090909	11	9131	26047	CNTNAP2
SM00399	ZnF_C4	0.0540695148142492	-2.91748474891775	46	1	0.0909090909090909	11	9131	3164	NR4A1
SM00317	SET	0.0552148351598905	-2.89652360891011	47	1	0.0909090909090909	11	9131	2122	MECOM
SM00430	HOLI	0.0563588946930863	-2.87601520369318	48	1	0.0909090909090909	11	9131	3164	NR4A1
SM00192	LDLa	0.0563588946930863	-2.87601520369318	48	1	0.0909090909090909	11	9131	81831	NETO2
SM00042	CUB	0.0575016946666934	-2.8559408591489	49	1	0.0909090909090909	11	9131	81831	NETO2
SM00398	HMG	0.0597835209225373	-2.81702522585914	51	1	0.0909090909090909	11	9131	84969	TOX2
SM00353	HLH	0.12914089373393	-2.04685127114855	114	1	0.0909090909090909	11	9131	647219	ASCL5
SM00239	C2	0.151204913540381	-1.88911931880453	135	1	0.0909090909090909	11	9131	54843	SYTL2
SM00181	EGF	0.224965008400653	-1.49181040709125	209	1	0.0909090909090909	11	9131	26047	CNTNAP2
SM00355	ZnF_C2H2	0.249986793365568	-1.38634718905299	800	2	0.181818181818182	11	9131	9668,2122	ZNF432,MECOM
SM00349	KRAB	0.361728650395736	-1.0168609327775	365	1	0.0909090909090909	11	9131	9668	ZNF432
SM00408	IGc2	0.999999999975336	-2.46640279500389e-11	216	0	0	11	9131
SM00490	HELICc	0.999999999980234	-1.97656225535015e-11	106	0	0	11	9131
SM00214	VWC	0.999999999980284	-1.97160102198437e-11	39	0	0	11	9131
SM00322	KH	0.999999999980284	-1.97160102198437e-11	39	0	0	11	9131
SM00969	SOCS_box	0.999999999980284	-1.97160102198437e-11	39	0	0	11	9131
SM00032	CCP	0.999999999980742	-1.92578799298211e-11	55	0	0	11	9131
SM00133	S_TK_X	0.999999999980742	-1.92578799298211e-11	55	0	0	11	9131
SM00612	Kelch	0.999999999980742	-1.92578799298211e-11	55	0	0	11	9131
SM00338	BRLZ	0.999999999981032	-1.89679228743873e-11	52	0	0	11	9131
SM00256	FBOX	0.999999999981032	-1.89679228743873e-11	52	0	0	11	9131
SM00339	FH	0.999999999981598	-1.8402288034596e-11	48	0	0	11	9131
SM00249	PHD	0.999999999981934	-1.80663160775049e-11	91	0	0	11	9131
SM00369	LRR_TYP	0.999999999982713	-1.72870666056943e-11	134	0	0	11	9131
SM00960	Robl_LC7	0.999999999983143	-1.68566185230011e-11	3	0	0	11	9131
SM00478	ENDO3c	0.999999999983143	-1.68566185230011e-11	3	0	0	11	9131
SM00981	THUMP	0.999999999983143	-1.68566185230011e-11	3	0	0	11	9131
SM00057	FIMAC	0.999999999983143	-1.68566185230011e-11	3	0	0	11	9131
SM00183	NAT_PEP	0.999999999983143	-1.68566185230011e-11	3	0	0	11	9131
SM00299	CLH	0.999999999983143	-1.68566185230011e-11	3	0	0	11	9131
SM00997	AdoHcyase_NAD	0.999999999983143	-1.68566185230011e-11	3	0	0	11	9131
SM00676	DM10	0.999999999983143	-1.68566185230011e-11	3	0	0	11	9131
SM00773	WGR	0.999999999983143	-1.68566185230011e-11	3	0	0	11	9131
SM01022	ASCH	0.999999999983143	-1.68566185230011e-11	3	0	0	11	9131
SM00444	GYF	0.999999999983143	-1.68566185230011e-11	3	0	0	11	9131
SM00588	NEUZ	0.999999999983143	-1.68566185230011e-11	3	0	0	11	9131
SM00706	TECPR	0.999999999983143	-1.68566185230011e-11	3	0	0	11	9131
SM01083	Cir_N	0.999999999983143	-1.68566185230011e-11	3	0	0	11	9131
SM00996	AdoHcyase	0.999999999983143	-1.68566185230011e-11	3	0	0	11	9131
SM00305	HintC	0.999999999983143	-1.68566185230011e-11	3	0	0	11	9131
SM00553	SEP	0.999999999983143	-1.68566185230011e-11	3	0	0	11	9131
SM00300	ChSh	0.999999999983143	-1.68566185230011e-11	3	0	0	11	9131
SM00162	SAPA	0.999999999983143	-1.68566185230011e-11	3	0	0	11	9131
SM00712	PUR	0.999999999983143	-1.68566185230011e-11	3	0	0	11	9131
SM00309	PAH	0.999999999983143	-1.68566185230011e-11	3	0	0	11	9131
SM00736	CADG	0.999999999983143	-1.68566185230011e-11	3	0	0	11	9131
SM00663	RPOLA_N	0.999999999983143	-1.68566185230011e-11	3	0	0	11	9131
SM00143	PI3K_p85B	0.999999999983143	-1.68566185230011e-11	3	0	0	11	9131
SM00851	MGS	0.999999999983143	-1.68566185230011e-11	3	0	0	11	9131
SM00573	HSA	0.999999999983143	-1.68566185230011e-11	3	0	0	11	9131
SM00594	UAS	0.999999999983143	-1.68566185230011e-11	3	0	0	11	9131
SM00735	ZM	0.999999999983143	-1.68566185230011e-11	3	0	0	11	9131
SM00459	Sorb	0.999999999983143	-1.68566185230011e-11	3	0	0	11	9131
SM00751	BSD	0.999999999983143	-1.68566185230011e-11	3	0	0	11	9131
SM00039	CRF	0.999999999983143	-1.68566185230011e-11	3	0	0	11	9131
SM00652	eIF1a	0.999999999983143	-1.68566185230011e-11	3	0	0	11	9131
SM00723	AMOP	0.999999999983143	-1.68566185230011e-11	3	0	0	11	9131
SM00722	CASH	0.999999999983143	-1.68566185230011e-11	3	0	0	11	9131
SM00306	HintN	0.999999999983143	-1.68566185230011e-11	3	0	0	11	9131
SM00672	CAP10	0.999999999983143	-1.68566185230011e-11	3	0	0	11	9131
SM00916	L51_S25_CI-B8	0.999999999983143	-1.68566185230011e-11	3	0	0	11	9131
SM01020	B2-adapt-app_C	0.999999999983143	-1.68566185230011e-11	3	0	0	11	9131
SM00341	HRDC	0.999999999983143	-1.68566185230011e-11	3	0	0	11	9131
SM00002	PLP	0.999999999983143	-1.68566185230011e-11	3	0	0	11	9131
SM00311	PWI	0.999999999983143	-1.68566185230011e-11	3	0	0	11	9131
SM00836	DALR_1	0.999999999983143	-1.68566185230011e-11	3	0	0	11	9131
SM00535	RIBOc	0.999999999983143	-1.68566185230011e-11	3	0	0	11	9131
SM01051	CAMSAP_CKK	0.999999999983143	-1.68566185230011e-11	3	0	0	11	9131
SM00611	SEC63	0.999999999983143	-1.68566185230011e-11	3	0	0	11	9131
SM01073	CDC48_N	0.999999999983143	-1.68566185230011e-11	3	0	0	11	9131
SM00488	DEXDc2	0.999999999983143	-1.68566185230011e-11	3	0	0	11	9131
SM00931	NOSIC	0.999999999983143	-1.68566185230011e-11	3	0	0	11	9131
SM00272	END	0.999999999983143	-1.68566185230011e-11	3	0	0	11	9131
SM00597	ZnF_TTF	0.999999999983143	-1.68566185230011e-11	3	0	0	11	9131
SM00704	ZnF_CDGSH	0.999999999983143	-1.68566185230011e-11	3	0	0	11	9131
SM00396	ZnF_UBR1	0.999999999983143	-1.68566185230011e-11	3	0	0	11	9131
SM00113	CALCITONIN	0.999999999983143	-1.68566185230011e-11	3	0	0	11	9131
SM00321	WSC	0.999999999983143	-1.68566185230011e-11	3	0	0	11	9131
SM00576	BTP	0.999999999983143	-1.68566185230011e-11	3	0	0	11	9131
SM01065	CBM_2	0.999999999983143	-1.68566185230011e-11	3	0	0	11	9131
SM00265	BH4	0.999999999983143	-1.68566185230011e-11	3	0	0	11	9131
SM00919	Malic_M	0.999999999983143	-1.68566185230011e-11	3	0	0	11	9131
SM00482	POLAc	0.999999999983143	-1.68566185230011e-11	3	0	0	11	9131
SM00985	UBA_e1_C	0.999999999983143	-1.68566185230011e-11	3	0	0	11	9131
SM00006	A4_EXTRA	0.999999999983143	-1.68566185230011e-11	3	0	0	11	9131
SM00179	EGF_CA	0.999999999983637	-1.63631732136794e-11	98	0	0	11	9131
SM00382	AAA	0.999999999983671	-1.63288586567904e-11	144	0	0	11	9131
SM00433	TOP2c	0.999999999983716	-1.62841730130335e-11	2	0	0	11	9131
SM01096	CPSase_L_D3	0.999999999983716	-1.62841730130335e-11	2	0	0	11	9131
SM00882	CoA_trans	0.999999999983716	-1.62841730130335e-11	2	0	0	11	9131
SM00494	ChtBD2	0.999999999983716	-1.62841730130335e-11	2	0	0	11	9131
SM00559	Ku78	0.999999999983716	-1.62841730130335e-11	2	0	0	11	9131
SM00661	RPOL9	0.999999999983716	-1.62841730130335e-11	2	0	0	11	9131
SM00392	PROF	0.999999999983716	-1.62841730130335e-11	2	0	0	11	9131
SM01002	AlaDh_PNT_C	0.999999999983716	-1.62841730130335e-11	2	0	0	11	9131
SM00657	RPOL4c	0.999999999983716	-1.62841730130335e-11	2	0	0	11	9131
SM00788	Adenylsucc_synt	0.999999999983716	-1.62841730130335e-11	2	0	0	11	9131
SM00581	PSP	0.999999999983716	-1.62841730130335e-11	2	0	0	11	9131
SM00035	CLa	0.999999999983716	-1.62841730130335e-11	2	0	0	11	9131
SM00434	TOP4c	0.999999999983716	-1.62841730130335e-11	2	0	0	11	9131
SM01097	CPSase_sm_chain	0.999999999983716	-1.62841730130335e-11	2	0	0	11	9131
SM00803	TAF	0.999999999983716	-1.62841730130335e-11	2	0	0	11	9131
SM00714	LITAF	0.999999999983716	-1.62841730130335e-11	2	0	0	11	9131
SM01011	AMP_N	0.999999999983716	-1.62841730130335e-11	2	0	0	11	9131
SM00493	TOPRIM	0.999999999983716	-1.62841730130335e-11	2	0	0	11	9131
SM00649	RL11	0.999999999983716	-1.62841730130335e-11	2	0	0	11	9131
SM00853	MutL_C	0.999999999983716	-1.62841730130335e-11	2	0	0	11	9131
SM01000	Aha1_N	0.999999999983716	-1.62841730130335e-11	2	0	0	11	9131
SM01003	AlaDh_PNT_N	0.999999999983716	-1.62841730130335e-11	2	0	0	11	9131
SM00896	FDX-ACB	0.999999999983716	-1.62841730130335e-11	2	0	0	11	9131
SM00684	DM15	0.999999999983716	-1.62841730130335e-11	2	0	0	11	9131
SM00653	eIF2B_5	0.999999999983716	-1.62841730130335e-11	2	0	0	11	9131
SM00638	LPD_N	0.999999999983716	-1.62841730130335e-11	2	0	0	11	9131
SM00732	YqgFc	0.999999999983716	-1.62841730130335e-11	2	0	0	11	9131
SM00525	FES	0.999999999983716	-1.62841730130335e-11	2	0	0	11	9131
SM01076	CG-1	0.999999999983716	-1.62841730130335e-11	2	0	0	11	9131
SM00902	Fe_hyd_SSU	0.999999999983716	-1.62841730130335e-11	2	0	0	11	9131
SM01084	CKS	0.999999999983716	-1.62841730130335e-11	2	0	0	11	9131
SM01070	CDC37_M	0.999999999983716	-1.62841730130335e-11	2	0	0	11	9131
SM00807	AKAP_110	0.999999999983716	-1.62841730130335e-11	2	0	0	11	9131
SM00003	NH	0.999999999983716	-1.62841730130335e-11	2	0	0	11	9131
SM00151	SWIB	0.999999999983716	-1.62841730130335e-11	2	0	0	11	9131
SM00586	ZnF_DBF	0.999999999983716	-1.62841730130335e-11	2	0	0	11	9131
SM00888	EF1_GNE	0.999999999983716	-1.62841730130335e-11	2	0	0	11	9131
SM00915	Jacalin	0.999999999983716	-1.62841730130335e-11	2	0	0	11	9131
SM00178	SAR	0.999999999983716	-1.62841730130335e-11	2	0	0	11	9131
SM00963	SRP54_N	0.999999999983716	-1.62841730130335e-11	2	0	0	11	9131
SM00466	SRA	0.999999999983716	-1.62841730130335e-11	2	0	0	11	9131
SM00731	SprT	0.999999999983716	-1.62841730130335e-11	2	0	0	11	9131
SM00956	RQC	0.999999999983716	-1.62841730130335e-11	2	0	0	11	9131
SM00758	PA14	0.999999999983716	-1.62841730130335e-11	2	0	0	11	9131
SM01028	Beta-TrCP_D	0.999999999983716	-1.62841730130335e-11	2	0	0	11	9131
SM00761	HDAC_interact	0.999999999983716	-1.62841730130335e-11	2	0	0	11	9131
SM00551	ZnF_TAZ	0.999999999983716	-1.62841730130335e-11	2	0	0	11	9131
SM00190	IL4_13	0.999999999983716	-1.62841730130335e-11	2	0	0	11	9131
SM00777	Mad3_BUB1_I	0.999999999983716	-1.62841730130335e-11	2	0	0	11	9131
SM00555	GIT	0.999999999983716	-1.62841730130335e-11	2	0	0	11	9131
SM00756	VKc	0.999999999983716	-1.62841730130335e-11	2	0	0	11	9131
SM00986	UDG	0.999999999983716	-1.62841730130335e-11	2	0	0	11	9131
SM00818	Amelogenin	0.999999999983716	-1.62841730130335e-11	2	0	0	11	9131
SM00792	Agouti	0.999999999983716	-1.62841730130335e-11	2	0	0	11	9131
SM00951	QLQ	0.999999999983716	-1.62841730130335e-11	2	0	0	11	9131
SM00560	LamGL	0.999999999983716	-1.62841730130335e-11	2	0	0	11	9131
SM00937	PCRF	0.999999999983716	-1.62841730130335e-11	2	0	0	11	9131
SM01074	Cdc6_C	0.999999999983716	-1.62841730130335e-11	2	0	0	11	9131
SM01010	AMPKBI	0.999999999983716	-1.62841730130335e-11	2	0	0	11	9131
SM01086	ClpB_D2-small	0.999999999983716	-1.62841730130335e-11	2	0	0	11	9131
SM00193	PTN	0.999999999983716	-1.62841730130335e-11	2	0	0	11	9131
SM00176	RAN	0.999999999983716	-1.62841730130335e-11	2	0	0	11	9131
SM00785	AARP2CN	0.999999999983716	-1.62841730130335e-11	2	0	0	11	9131
SM00839	ELFV_dehydrog	0.999999999983716	-1.62841730130335e-11	2	0	0	11	9131
SM00705	THEG	0.999999999983716	-1.62841730130335e-11	2	0	0	11	9131
SM00029	GASTRIN	0.999999999983716	-1.62841730130335e-11	2	0	0	11	9131
SM01023	BAF	0.999999999983716	-1.62841730130335e-11	2	0	0	11	9131
SM00829	PKS_ER	0.999999999983716	-1.62841730130335e-11	2	0	0	11	9131
SM00804	TAP_C	0.999999999983716	-1.62841730130335e-11	2	0	0	11	9131
SM00873	B3_4	0.999999999983716	-1.62841730130335e-11	2	0	0	11	9131
SM00846	Gp_dh_N	0.999999999983716	-1.62841730130335e-11	2	0	0	11	9131
SM00808	FABD	0.999999999983716	-1.62841730130335e-11	2	0	0	11	9131
SM00993	YL1_C	0.999999999983716	-1.62841730130335e-11	2	0	0	11	9131
SM00860	SMI1_KNR4	0.999999999983716	-1.62841730130335e-11	2	0	0	11	9131
SM00080	LIF_OSM	0.999999999983716	-1.62841730130335e-11	2	0	0	11	9131
SM00682	G2F	0.999999999983716	-1.62841730130335e-11	2	0	0	11	9131
SM01092	CO_deh_flav_C	0.999999999983716	-1.62841730130335e-11	2	0	0	11	9131
SM00126	IL6	0.999999999983716	-1.62841730130335e-11	2	0	0	11	9131
SM00090	RIO	0.999999999983716	-1.62841730130335e-11	2	0	0	11	9131
SM00512	Skp1	0.999999999983716	-1.62841730130335e-11	2	0	0	11	9131
SM00437	TOP1Ac	0.999999999983716	-1.62841730130335e-11	2	0	0	11	9131
SM00650	rADc	0.999999999983716	-1.62841730130335e-11	2	0	0	11	9131
SM00464	LON	0.999999999983716	-1.62841730130335e-11	2	0	0	11	9131
SM00852	MoCF_biosynth	0.999999999983716	-1.62841730130335e-11	2	0	0	11	9131
SM00435	TOPEUc	0.999999999983716	-1.62841730130335e-11	2	0	0	11	9131
SM00978	Tim44	0.999999999983716	-1.62841730130335e-11	2	0	0	11	9131
SM00500	SFM	0.999999999983716	-1.62841730130335e-11	2	0	0	11	9131
SM00635	BID_2	0.999999999983716	-1.62841730130335e-11	2	0	0	11	9131
SM00893	ETF	0.999999999983716	-1.62841730130335e-11	2	0	0	11	9131
SM00812	Alpha_L_fucos	0.999999999983716	-1.62841730130335e-11	2	0	0	11	9131
SM00417	H4	0.999999999983716	-1.62841730130335e-11	2	0	0	11	9131
SM00388	HisKA	0.999999999983716	-1.62841730130335e-11	2	0	0	11	9131
SM00962	SRP54	0.999999999983716	-1.62841730130335e-11	2	0	0	11	9131
SM00436	TOP1Bc	0.999999999983716	-1.62841730130335e-11	2	0	0	11	9131
SM00967	SpoU_sub_bind	0.999999999983716	-1.62841730130335e-11	2	0	0	11	9131
SM00087	PTH	0.999999999983716	-1.62841730130335e-11	2	0	0	11	9131
SM00536	AXH	0.999999999983716	-1.62841730130335e-11	2	0	0	11	9131
SM00030	CLb	0.999999999983716	-1.62841730130335e-11	2	0	0	11	9131
SM00662	RPOLD	0.999999999983716	-1.62841730130335e-11	2	0	0	11	9131
SM01104	CTD	0.999999999983716	-1.62841730130335e-11	2	0	0	11	9131
SM00223	APPLE	0.999999999983716	-1.62841730130335e-11	2	0	0	11	9131
SM01047	C1_4	0.999999999983716	-1.62841730130335e-11	2	0	0	11	9131
SM00685	DM14	0.999999999983716	-1.62841730130335e-11	2	0	0	11	9131
SM00992	YccV-like	0.999999999983716	-1.62841730130335e-11	2	0	0	11	9131
SM00438	ZnF_NFX	0.999999999983716	-1.62841730130335e-11	2	0	0	11	9131
SM00469	WIF	0.999999999983716	-1.62841730130335e-11	2	0	0	11	9131
SM01072	CDC48_2	0.999999999983716	-1.62841730130335e-11	2	0	0	11	9131
SM01008	Ald_Xan_dh_C	0.999999999983716	-1.62841730130335e-11	2	0	0	11	9131
SM00313	PXA	0.999999999983716	-1.62841730130335e-11	2	0	0	11	9131
SM00013	LRRNT	0.999999999984051	-1.59489260377905e-11	100	0	0	11	9131
SM00330	PIPKc	0.999999999984231	-1.57693285821847e-11	7	0	0	11	9131
SM00290	ZnF_UBP	0.999999999984231	-1.57693285821847e-11	7	0	0	11	9131
SM00715	LA	0.999999999984231	-1.57693285821847e-11	7	0	0	11	9131
SM00004	NL	0.999999999984231	-1.57693285821847e-11	7	0	0	11	9131
SM00707	RPEL	0.999999999984231	-1.57693285821847e-11	7	0	0	11	9131
SM00848	Inhibitor_I29	0.999999999984231	-1.57693285821847e-11	7	0	0	11	9131
SM00144	PI3K_rbd	0.999999999984231	-1.57693285821847e-11	7	0	0	11	9131
SM00729	Elp3	0.999999999984231	-1.57693285821847e-11	7	0	0	11	9131
SM00467	GS	0.999999999984231	-1.57693285821847e-11	7	0	0	11	9131
SM00077	ITAM	0.999999999984231	-1.57693285821847e-11	7	0	0	11	9131
SM00504	Ubox	0.999999999984231	-1.57693285821847e-11	7	0	0	11	9131
SM00636	Glyco_18	0.999999999984231	-1.57693285821847e-11	7	0	0	11	9131
SM00730	PSN	0.999999999984231	-1.57693285821847e-11	7	0	0	11	9131
SM00053	DYNc	0.999999999984231	-1.57693285821847e-11	7	0	0	11	9131
SM00964	STAT_int	0.999999999984231	-1.57693285821847e-11	7	0	0	11	9131
SM00884	Cullin_Nedd8	0.999999999984231	-1.57693285821847e-11	7	0	0	11	9131
SM00742	Hr1	0.999999999984231	-1.57693285821847e-11	7	0	0	11	9131
SM00515	eIF5C	0.999999999984231	-1.57693285821847e-11	7	0	0	11	9131
SM00182	CULLIN	0.999999999984231	-1.57693285821847e-11	7	0	0	11	9131
SM00250	PLEC	0.999999999984231	-1.57693285821847e-11	7	0	0	11	9131
SM00031	DED	0.999999999984231	-1.57693285821847e-11	7	0	0	11	9131
SM00301	DM	0.999999999984231	-1.57693285821847e-11	7	0	0	11	9131
SM00278	HhH1	0.999999999984231	-1.57693285821847e-11	7	0	0	11	9131
SM00048	DEFSN	0.999999999984231	-1.57693285821847e-11	7	0	0	11	9131
SM00390	GoLoco	0.999999999984231	-1.57693285821847e-11	7	0	0	11	9131
SM00101	14_3_3	0.999999999984231	-1.57693285821847e-11	7	0	0	11	9131
SM00546	CUE	0.999999999984231	-1.57693285821847e-11	7	0	0	11	9131
SM01062	Ca_chan_IQ	0.999999999984231	-1.57693285821847e-11	7	0	0	11	9131
SM00537	DCX	0.999999999984231	-1.57693285821847e-11	7	0	0	11	9131
SM01055	Cadherin_pro	0.999999999984231	-1.57693285821847e-11	7	0	0	11	9131
SM00281	LamB	0.999999999984231	-1.57693285821847e-11	7	0	0	11	9131
SM00455	RBD	0.999999999984231	-1.57693285821847e-11	7	0	0	11	9131
SM00739	KOW	0.999999999984231	-1.57693285821847e-11	7	0	0	11	9131
SM00154	ZnF_AN1	0.999999999984231	-1.57693285821847e-11	7	0	0	11	9131
SM00509	TFS2N	0.999999999984231	-1.57693285821847e-11	7	0	0	11	9131
SM00063	FRI	0.999999999984714	-1.52857753024135e-11	19	0	0	11	9131
SM00414	H2A	0.999999999984714	-1.52857753024135e-11	19	0	0	11	9131
SM00608	ACR	0.999999999984714	-1.52857753024135e-11	19	0	0	11	9131
SM00291	ZnF_ZZ	0.999999999984714	-1.52857753024135e-11	19	0	0	11	9131
SM00097	WNT1	0.999999999984714	-1.52857753024135e-11	19	0	0	11	9131
SM00191	Int_alpha	0.999999999984714	-1.52857753024135e-11	19	0	0	11	9131
SM00358	DSRM	0.999999999984714	-1.52857753024135e-11	19	0	0	11	9131
SM00320	WD40	0.999999999985938	-1.40622279821343e-11	267	0	0	11	9131
SM00631	Zn_pept	0.999999999986394	-1.36061115671351e-11	17	0	0	11	9131
SM00255	TIR	0.999999999986394	-1.36061115671351e-11	17	0	0	11	9131
SM00425	TBOX	0.999999999986394	-1.36061115671351e-11	17	0	0	11	9131
SM00076	IFabd	0.999999999986394	-1.36061115671351e-11	17	0	0	11	9131
SM00211	TY	0.999999999986394	-1.36061115671351e-11	17	0	0	11	9131
SM00131	KU	0.999999999986394	-1.36061115671351e-11	17	0	0	11	9131
SM01057	Carb_anhydrase	0.999999999986394	-1.36061115671351e-11	17	0	0	11	9131
SM00508	PostSET	0.999999999986394	-1.36061115671351e-11	17	0	0	11	9131
SM00593	RUN	0.999999999986394	-1.36061115671351e-11	17	0	0	11	9131
SM00224	GGL	0.999999999986394	-1.36061115671351e-11	17	0	0	11	9131
SM00563	PlsC	0.999999999986394	-1.36061115671351e-11	17	0	0	11	9131
SM00216	VWD	0.999999999986394	-1.36061115671351e-11	17	0	0	11	9131
SM00043	CY	0.999999999986394	-1.36061115671351e-11	17	0	0	11	9131
SM00651	Sm	0.999999999986394	-1.36061115671351e-11	17	0	0	11	9131
SM00908	Gal-bind_lectin	0.999999999988282	-1.17177259960262e-11	15	0	0	11	9131
SM00800	uDENN	0.999999999988282	-1.17177259960262e-11	15	0	0	11	9131
SM00230	CysPc	0.999999999988282	-1.17177259960262e-11	15	0	0	11	9131
SM00137	MAM	0.999999999988282	-1.17177259960262e-11	15	0	0	11	9131
SM00849	Lactamase_B	0.999999999988282	-1.17177259960262e-11	15	0	0	11	9131
SM00276	GLECT	0.999999999988282	-1.17177259960262e-11	15	0	0	11	9131
SM00698	MORN	0.999999999988282	-1.17177259960262e-11	15	0	0	11	9131
SM00331	PP2C_SIG	0.999999999988282	-1.17177259960262e-11	15	0	0	11	9131
SM00134	LU	0.999999999988282	-1.17177259960262e-11	15	0	0	11	9131
SM00116	CBS	0.999999999988282	-1.17177259960262e-11	15	0	0	11	9131
SM00308	LH2	0.999999999988282	-1.17177259960262e-11	15	0	0	11	9131
SM00135	LY	0.999999999988282	-1.17177259960262e-11	15	0	0	11	9131
SM00149	PLCYc	0.999999999988282	-1.17177259960262e-11	15	0	0	11	9131
SM00498	FH2	0.999999999988282	-1.17177259960262e-11	15	0	0	11	9131
SM00198	SCP	0.999999999988282	-1.17177259960262e-11	15	0	0	11	9131
SM00247	XTALbg	0.999999999988282	-1.17177259960262e-11	15	0	0	11	9131
SM00148	PLCXc	0.999999999988282	-1.17177259960262e-11	15	0	0	11	9131
SM00217	WAP	0.999999999988282	-1.17177259960262e-11	15	0	0	11	9131
SM00253	SOCS	0.999999999988282	-1.17177259960262e-11	15	0	0	11	9131
SM00501	BRIGHT	0.999999999988282	-1.17177259960262e-11	15	0	0	11	9131
SM00407	IGc1	0.999999999988359	-1.16406441032162e-11	40	0	0	11	9131
SM00145	PI3Ka	0.999999999989238	-1.07614998752374e-11	9	0	0	11	9131
SM00288	VHS	0.999999999989238	-1.07614998752374e-11	9	0	0	11	9131
SM00351	PAX	0.999999999989238	-1.07614998752374e-11	9	0	0	11	9131
SM00329	BPI2	0.999999999989238	-1.07614998752374e-11	9	0	0	11	9131
SM00328	BPI1	0.999999999989238	-1.07614998752374e-11	9	0	0	11	9131
SM00201	SO	0.999999999989238	-1.07614998752374e-11	9	0	0	11	9131
SM00949	PAZ	0.999999999989238	-1.07614998752374e-11	9	0	0	11	9131
SM01025	BEN	0.999999999989238	-1.07614998752374e-11	9	0	0	11	9131
SM00809	Alpha_adaptinC2	0.999999999989238	-1.07614998752374e-11	9	0	0	11	9131
SM00386	HAT	0.999999999989238	-1.07614998752374e-11	9	0	0	11	9131
SM00668	CTLH	0.999999999989238	-1.07614998752374e-11	9	0	0	11	9131
SM01026	Beach	0.999999999989238	-1.07614998752374e-11	9	0	0	11	9131
SM01039	BRICHOS	0.999999999989238	-1.07614998752374e-11	9	0	0	11	9131
SM00543	MIF4G	0.999999999989238	-1.07614998752374e-11	9	0	0	11	9131
SM00561	MBT	0.999999999989238	-1.07614998752374e-11	9	0	0	11	9131
SM00921	MHC_II_beta	0.999999999989238	-1.07614998752374e-11	9	0	0	11	9131
SM00348	IRF	0.999999999989238	-1.07614998752374e-11	9	0	0	11	9131
SM00107	BTK	0.999999999989238	-1.07614998752374e-11	9	0	0	11	9131
SM00089	PKD	0.999999999989238	-1.07614998752374e-11	9	0	0	11	9131
SM00273	ENTH	0.999999999989238	-1.07614998752374e-11	9	0	0	11	9131
SM00727	STI1	0.999999999989238	-1.07614998752374e-11	9	0	0	11	9131
SM00141	PDGF	0.999999999989238	-1.07614998752374e-11	9	0	0	11	9131
SM00802	UME	0.999999999989336	-1.06637912476032e-11	1	0	0	11	9131
SM00743	Agenet	0.999999999989336	-1.06637912476032e-11	1	0	0	11	9131
SM01031	BHD_2	0.999999999989336	-1.06637912476032e-11	1	0	0	11	9131
SM00929	NADH-G_4Fe-4S_3	0.999999999989336	-1.06637912476032e-11	1	0	0	11	9131
SM00550	Zalpha	0.999999999989336	-1.06637912476032e-11	1	0	0	11	9131
SM00941	PYNP_C	0.999999999989336	-1.06637912476032e-11	1	0	0	11	9131
SM01082	CHZ	0.999999999989336	-1.06637912476032e-11	1	0	0	11	9131
SM00928	NADH_4Fe-4S	0.999999999989336	-1.06637912476032e-11	1	0	0	11	9131
SM00071	Galanin	0.999999999989336	-1.06637912476032e-11	1	0	0	11	9131
SM00904	Flavokinase	0.999999999989336	-1.06637912476032e-11	1	0	0	11	9131
SM00738	NGN	0.999999999989336	-1.06637912476032e-11	1	0	0	11	9131
SM01071	CDC37_N	0.999999999989336	-1.06637912476032e-11	1	0	0	11	9131
SM00990	VRR_NUC	0.999999999989336	-1.06637912476032e-11	1	0	0	11	9131
SM00254	ShKT	0.999999999989336	-1.06637912476032e-11	1	0	0	11	9131
SM00934	OMPdecase	0.999999999989336	-1.06637912476032e-11	1	0	0	11	9131
SM00995	AD	0.999999999989336	-1.06637912476032e-11	1	0	0	11	9131
SM00870	Asparaginase	0.999999999989336	-1.06637912476032e-11	1	0	0	11	9131
SM01032	BHD_3	0.999999999989336	-1.06637912476032e-11	1	0	0	11	9131
SM01077	Cg6151-P	0.999999999989336	-1.06637912476032e-11	1	0	0	11	9131
SM00530	HTH_XRE	0.999999999989336	-1.06637912476032e-11	1	0	0	11	9131
SM01001	AIRC	0.999999999989336	-1.06637912476032e-11	1	0	0	11	9131
SM01030	BHD_1	0.999999999989336	-1.06637912476032e-11	1	0	0	11	9131
SM00127	IL7	0.999999999989336	-1.06637912476032e-11	1	0	0	11	9131
SM00521	CBF	0.999999999989336	-1.06637912476032e-11	1	0	0	11	9131
SM00189	IL2	0.999999999989336	-1.06637912476032e-11	1	0	0	11	9131
SM00983	TPK_B1_binding	0.999999999989336	-1.06637912476032e-11	1	0	0	11	9131
SM00752	HTTM	0.999999999989336	-1.06637912476032e-11	1	0	0	11	9131
SM01102	CRM1_C	0.999999999989336	-1.06637912476032e-11	1	0	0	11	9131
SM00898	Fapy_DNA_glyco	0.999999999989336	-1.06637912476032e-11	1	0	0	11	9131
SM00567	EZ_HEAT	0.999999999989336	-1.06637912476032e-11	1	0	0	11	9131
SM00538	POP4	0.999999999989336	-1.06637912476032e-11	1	0	0	11	9131
SM01044	Btz	0.999999999989336	-1.06637912476032e-11	1	0	0	11	9131
SM01013	APC2	0.999999999989336	-1.06637912476032e-11	1	0	0	11	9131
SM00762	Cog4	0.999999999989336	-1.06637912476032e-11	1	0	0	11	9131
SM00932	Nfu_N	0.999999999989336	-1.06637912476032e-11	1	0	0	11	9131
SM01016	Arg_tRNA_synt_N	0.999999999989336	-1.06637912476032e-11	1	0	0	11	9131
SM00845	GatB_Yqey	0.999999999989336	-1.06637912476032e-11	1	0	0	11	9131
SM00946	ProRS-C_1	0.999999999989336	-1.06637912476032e-11	1	0	0	11	9131
SM00084	NMU	0.999999999989336	-1.06637912476032e-11	1	0	0	11	9131
SM00654	eIF6	0.999999999989336	-1.06637912476032e-11	1	0	0	11	9131
SM00277	GRAN	0.999999999989336	-1.06637912476032e-11	1	0	0	11	9131
SM00874	B5	0.999999999989336	-1.06637912476032e-11	1	0	0	11	9131
SM00798	AICARFT_IMPCHas	0.999999999989336	-1.06637912476032e-11	1	0	0	11	9131
SM01004	ALAD	0.999999999989336	-1.06637912476032e-11	1	0	0	11	9131
SM00019	SF_P	0.999999999989336	-1.06637912476032e-11	1	0	0	11	9131
SM01033	BING4CT	0.999999999989336	-1.06637912476032e-11	1	0	0	11	9131
SM01075	CDT1	0.999999999989336	-1.06637912476032e-11	1	0	0	11	9131
SM00910	HIRAN	0.999999999989336	-1.06637912476032e-11	1	0	0	11	9131
SM00780	PIG-X	0.999999999989336	-1.06637912476032e-11	1	0	0	11	9131
SM01085	CK_II_beta	0.999999999989336	-1.06637912476032e-11	1	0	0	11	9131
SM00203	TK	0.999999999989336	-1.06637912476032e-11	1	0	0	11	9131
SM00613	PAW	0.999999999989336	-1.06637912476032e-11	1	0	0	11	9131
SM00976	Telo_bind	0.999999999989336	-1.06637912476032e-11	1	0	0	11	9131
SM01035	BOP1NT	0.999999999989336	-1.06637912476032e-11	1	0	0	11	9131
SM00226	LMWPc	0.999999999989336	-1.06637912476032e-11	1	0	0	11	9131
SM00507	HNHc	0.999999999989336	-1.06637912476032e-11	1	0	0	11	9131
SM00709	Zpr1	0.999999999989336	-1.06637912476032e-11	1	0	0	11	9131
SM01060	Catalase	0.999999999989336	-1.06637912476032e-11	1	0	0	11	9131
SM00881	CoA_binding	0.999999999989336	-1.06637912476032e-11	1	0	0	11	9131
SM00817	Amelin	0.999999999989336	-1.06637912476032e-11	1	0	0	11	9131
SM00944	Pro-kuma_activ	0.999999999989336	-1.06637912476032e-11	1	0	0	11	9131
SM00017	OSTEO	0.999999999989336	-1.06637912476032e-11	1	0	0	11	9131
SM00040	CSF2	0.999999999989336	-1.06637912476032e-11	1	0	0	11	9131
SM01036	BP28CT	0.999999999989336	-1.06637912476032e-11	1	0	0	11	9131
SM01069	CDC37_C	0.999999999989336	-1.06637912476032e-11	1	0	0	11	9131
SM00719	Plus3	0.999999999989336	-1.06637912476032e-11	1	0	0	11	9131
SM00318	SNc	0.999999999989336	-1.06637912476032e-11	1	0	0	11	9131
SM00975	Telomerase_RBD	0.999999999989336	-1.06637912476032e-11	1	0	0	11	9131
SM00575	ZnF_PMZ	0.999999999989336	-1.06637912476032e-11	1	0	0	11	9131
SM01087	COG6	0.999999999989336	-1.06637912476032e-11	1	0	0	11	9131
SM00095	TR_THY	0.999999999989336	-1.06637912476032e-11	1	0	0	11	9131
SM00998	ADSL_C	0.999999999989336	-1.06637912476032e-11	1	0	0	11	9131
SM00748	HEPN	0.999999999989336	-1.06637912476032e-11	1	0	0	11	9131
SM01098	CPSF73-100_C	0.999999999989336	-1.06637912476032e-11	1	0	0	11	9131
SM00754	CHRD	0.999999999989336	-1.06637912476032e-11	1	0	0	11	9131
SM00067	GHA	0.999999999989336	-1.06637912476032e-11	1	0	0	11	9131
SM00023	COLIPASE	0.999999999989336	-1.06637912476032e-11	1	0	0	11	9131
SM00289	WR1	0.999999999989336	-1.06637912476032e-11	1	0	0	11	9131
SM00531	TFIIE	0.999999999989336	-1.06637912476032e-11	1	0	0	11	9131
SM00157	PRP	0.999999999989336	-1.06637912476032e-11	1	0	0	11	9131
SM00984	UDPG_MGDP_dh_C	0.999999999989336	-1.06637912476032e-11	1	0	0	11	9131
SM00658	RPOL8c	0.999999999989336	-1.06637912476032e-11	1	0	0	11	9131
SM01024	BCS1_N	0.999999999989336	-1.06637912476032e-11	1	0	0	11	9131
SM00883	Cpn10	0.999999999989336	-1.06637912476032e-11	1	0	0	11	9131
SM00659	RPOLCX	0.999999999989336	-1.06637912476032e-11	1	0	0	11	9131
SM01018	B12-binding_2	0.999999999989336	-1.06637912476032e-11	1	0	0	11	9131
SM00922	MR_MLE	0.999999999989336	-1.06637912476032e-11	1	0	0	11	9131
SM00805	AGTRAP	0.999999999989336	-1.06637912476032e-11	1	0	0	11	9131
SM00245	TSPc	0.999999999989336	-1.06637912476032e-11	1	0	0	11	9131
SM00858	SAF	0.999999999989336	-1.06637912476032e-11	1	0	0	11	9131
SM00784	SPT2	0.999999999989336	-1.06637912476032e-11	1	0	0	11	9131
SM00822	PKS_KR	0.999999999989336	-1.06637912476032e-11	1	0	0	11	9131
SM00423	PSI	0.999999999989811	-1.01894441893804e-11	45	0	0	11	9131
SM00298	CHROMO	0.999999999990846	-9.15428877451301e-12	31	0	0	11	9131
SM00314	RA	0.999999999990846	-9.15428877451301e-12	31	0	0	11	9131
SM00268	ACTIN	0.999999999990846	-9.15428877451301e-12	31	0	0	11	9131
SM00462	PTB	0.999999999990846	-9.15428877451301e-12	31	0	0	11	9131
SM00516	SEC14	0.999999999991203	-8.79727675740342e-12	25	0	0	11	9131
SM00451	ZnF_U1	0.999999999991203	-8.79727675740342e-12	25	0	0	11	9131
SM00174	RHO	0.999999999991203	-8.79727675740342e-12	25	0	0	11	9131
SM00333	TUDOR	0.999999999991203	-8.79727675740342e-12	25	0	0	11	9131
SM00454	SAM	0.999999999991476	-8.52390340892524e-12	88	0	0	11	9131
SM00219	TyrKc	0.999999999991476	-8.52390340892524e-12	88	0	0	11	9131
SM00582	RPR	0.999999999991689	-8.31136869246554e-12	8	0	0	11	9131
SM00237	Calx_beta	0.999999999991689	-8.31136869246554e-12	8	0	0	11	9131
SM00861	Transket_pyr	0.999999999991689	-8.31136869246554e-12	8	0	0	11	9131
SM00142	PI3K_C2	0.999999999991689	-8.31136869246554e-12	8	0	0	11	9131
SM00018	PD	0.999999999991689	-8.31136869246554e-12	8	0	0	11	9131
SM00609	VIT	0.999999999991689	-8.31136869246554e-12	8	0	0	11	9131
SM00357	CSP	0.999999999991689	-8.31136869246554e-12	8	0	0	11	9131
SM00524	DWB	0.999999999991689	-8.31136869246554e-12	8	0	0	11	9131
SM00393	R3H	0.999999999991689	-8.31136869246554e-12	8	0	0	11	9131
SM00671	SEL1	0.999999999991689	-8.31136869246554e-12	8	0	0	11	9131
SM00511	ORANGE	0.999999999991689	-8.31136869246554e-12	8	0	0	11	9131
SM00948	Proteasome_A_N	0.999999999991689	-8.31136869246554e-12	8	0	0	11	9131
SM00092	RNAse_Pc	0.999999999991689	-8.31136869246554e-12	8	0	0	11	9131
SM00391	MBD	0.999999999991689	-8.31136869246554e-12	8	0	0	11	9131
SM00065	GAF	0.999999999991689	-8.31136869246554e-12	8	0	0	11	9131
SM00153	VHP	0.999999999991689	-8.31136869246554e-12	8	0	0	11	9131
SM00950	Piwi	0.999999999991689	-8.31136869246554e-12	8	0	0	11	9131
SM00577	CPDc	0.999999999991689	-8.31136869246554e-12	8	0	0	11	9131
SM00545	JmjN	0.999999999991689	-8.31136869246554e-12	8	0	0	11	9131
SM00263	LYZ1	0.999999999991689	-8.31136869246554e-12	8	0	0	11	9131
SM00238	BIR	0.999999999991689	-8.31136869246554e-12	8	0	0	11	9131
SM00503	SynN	0.999999999991689	-8.31136869246554e-12	8	0	0	11	9131
SM00350	MCM	0.999999999991689	-8.31136869246554e-12	8	0	0	11	9131
SM00461	WH1	0.999999999991689	-8.31136869246554e-12	8	0	0	11	9131
SM00746	TRASH	0.999999999991689	-8.31136869246554e-12	8	0	0	11	9131
SM00068	GHB	0.999999999991689	-8.31136869246554e-12	8	0	0	11	9131
SM00262	GEL	0.999999999991689	-8.31136869246554e-12	8	0	0	11	9131
SM00215	VWC_out	0.999999999991689	-8.31136869246554e-12	8	0	0	11	9131
SM00187	INB	0.999999999991689	-8.31136869246554e-12	8	0	0	11	9131
SM00258	SAND	0.999999999991689	-8.31136869246554e-12	8	0	0	11	9131
SM00242	MYSc	0.999999999992822	-7.17787545112579e-12	38	0	0	11	9131
SM00028	TPR	0.999999999994178	-5.82189721442438e-12	93	0	0	11	9131
SM00428	H3	0.999999999995086	-4.91432981533811e-12	6	0	0	11	9131
SM00710	PbH1	0.999999999995086	-4.91432981533811e-12	6	0	0	11	9131
SM00548	IRO	0.999999999995086	-4.91432981533811e-12	6	0	0	11	9131
SM00302	GED	0.999999999995086	-4.91432981533811e-12	6	0	0	11	9131
SM00564	PQQ	0.999999999995086	-4.91432981533811e-12	6	0	0	11	9131
SM00441	FF	0.999999999995086	-4.91432981533811e-12	6	0	0	11	9131
SM00159	PTX	0.999999999995086	-4.91432981533811e-12	6	0	0	11	9131
SM00920	MHC_II_alpha	0.999999999995086	-4.91432981533811e-12	6	0	0	11	9131
SM00394	RIIa	0.999999999995086	-4.91432981533811e-12	6	0	0	11	9131
SM00907	GDNF	0.999999999995086	-4.91432981533811e-12	6	0	0	11	9131
SM00477	NUC	0.999999999995086	-4.91432981533811e-12	6	0	0	11	9131
SM00506	A1pp	0.999999999995086	-4.91432981533811e-12	6	0	0	11	9131
SM00775	LNS2	0.999999999995086	-4.91432981533811e-12	6	0	0	11	9131
SM00741	SapB	0.999999999995086	-4.91432981533811e-12	6	0	0	11	9131
SM00952	RAP	0.999999999995086	-4.91432981533811e-12	6	0	0	11	9131
SM00440	ZnF_C2C2	0.999999999995086	-4.91432981533811e-12	6	0	0	11	9131
SM00432	MADS	0.999999999995086	-4.91432981533811e-12	6	0	0	11	9131
SM00695	DUSP	0.999999999995086	-4.91432981533811e-12	6	0	0	11	9131
SM00367	LRR_CC	0.999999999995086	-4.91432981533811e-12	6	0	0	11	9131
SM00863	tRNA_SAD	0.999999999995086	-4.91432981533811e-12	6	0	0	11	9131
SM00811	Alpha_kinase	0.999999999995086	-4.91432981533811e-12	6	0	0	11	9131
SM00099	btg1	0.999999999995086	-4.91432981533811e-12	6	0	0	11	9131
SM00257	LysM	0.999999999995086	-4.91432981533811e-12	6	0	0	11	9131
SM00070	GLUCA	0.999999999995086	-4.91432981533811e-12	6	0	0	11	9131
SM00838	EFG_C	0.999999999995086	-4.91432981533811e-12	6	0	0	11	9131
SM00665	B561	0.999999999995086	-4.91432981533811e-12	6	0	0	11	9131
SM00022	PLAc	0.999999999995086	-4.91432981533811e-12	6	0	0	11	9131
SM00892	Endonuclease_NS	0.999999999995086	-4.91432981533811e-12	6	0	0	11	9131
SM00167	VPS9	0.999999999995086	-4.91432981533811e-12	6	0	0	11	9131
SM00968	SMC_hinge	0.999999999995086	-4.91432981533811e-12	6	0	0	11	9131
SM00670	PINc	0.999999999995086	-4.91432981533811e-12	6	0	0	11	9131
SM00155	PLDc	0.999999999995086	-4.91432981533811e-12	6	0	0	11	9131
SM00415	HSF	0.999999999995086	-4.91432981533811e-12	6	0	0	11	9131
SM00648	SWAP	0.999999999995086	-4.91432981533811e-12	6	0	0	11	9131
SM00544	MA3	0.999999999995086	-4.91432981533811e-12	6	0	0	11	9131
SM00757	CRA	0.999999999995086	-4.91432981533811e-12	6	0	0	11	9131
SM00368	LRR_RI	0.999999999995086	-4.91432981533811e-12	6	0	0	11	9131
SM00218	ZU5	0.999999999995086	-4.91432981533811e-12	6	0	0	11	9131
SM00139	MyTH4	0.999999999995086	-4.91432981533811e-12	6	0	0	11	9131
SM00431	SCAN	0.999999999995171	-4.82881663004052e-12	53	0	0	11	9131
SM00034	CLECT	0.999999999995476	-4.52395486865497e-12	84	0	0	11	9131
SM00327	VWA	0.999999999995476	-4.52395486865497e-12	84	0	0	11	9131
SM00487	DEXDc	0.99999999999566	-4.33975588439793e-12	109	0	0	11	9131
SM00458	RICIN	0.999999999995872	-4.1278179600273e-12	27	0	0	11	9131
SM00110	C1Q	0.999999999995872	-4.1278179600273e-12	27	0	0	11	9131
SM00173	RAS	0.999999999995872	-4.1278179600273e-12	27	0	0	11	9131
SM00119	HECTc	0.999999999995872	-4.1278179600273e-12	27	0	0	11	9131
SM00384	AT_hook	0.999999999995872	-4.1278179600273e-12	27	0	0	11	9131
SM00429	IPT	0.999999999995872	-4.1278179600273e-12	27	0	0	11	9131
SM00468	PreSET	0.999999999996233	-3.76668913512095e-12	5	0	0	11	9131
SM00363	S4	0.999999999996233	-3.76668913512095e-12	5	0	0	11	9131
SM00878	Biotin_carb_C	0.999999999996233	-3.76668913512095e-12	5	0	0	11	9131
SM00404	PTPc_motif	0.999999999996233	-3.76668913512095e-12	5	0	0	11	9131
SM00891	ERCC4	0.999999999996233	-3.76668913512095e-12	5	0	0	11	9131
SM00879	Brix	0.999999999996233	-3.76668913512095e-12	5	0	0	11	9131
SM00484	XPGI	0.999999999996233	-3.76668913512095e-12	5	0	0	11	9131
SM00096	UTG	0.999999999996233	-3.76668913512095e-12	5	0	0	11	9131
SM00541	FYRN	0.999999999996233	-3.76668913512095e-12	5	0	0	11	9131
SM00673	CARP	0.999999999996233	-3.76668913512095e-12	5	0	0	11	9131
SM00991	WHEP-TRS	0.999999999996233	-3.76668913512095e-12	5	0	0	11	9131
SM00602	VPS10	0.999999999996233	-3.76668913512095e-12	5	0	0	11	9131
SM00474	35EXOc	0.999999999996233	-3.76668913512095e-12	5	0	0	11	9131
SM00473	PAN_AP	0.999999999996233	-3.76668913512095e-12	5	0	0	11	9131
SM00572	DZF	0.999999999996233	-3.76668913512095e-12	5	0	0	11	9131
SM00580	PUG	0.999999999996233	-3.76668913512095e-12	5	0	0	11	9131
SM00104	ANATO	0.999999999996233	-3.76668913512095e-12	5	0	0	11	9131
SM00642	Aamy	0.999999999996233	-3.76668913512095e-12	5	0	0	11	9131
SM00517	PolyA	0.999999999996233	-3.76668913512095e-12	5	0	0	11	9131
SM00552	ADEAMc	0.999999999996233	-3.76668913512095e-12	5	0	0	11	9131
SM00527	HMG17	0.999999999996233	-3.76668913512095e-12	5	0	0	11	9131
SM00549	TAFH	0.999999999996233	-3.76668913512095e-12	5	0	0	11	9131
SM00533	MUTSd	0.999999999996233	-3.76668913512095e-12	5	0	0	11	9131
SM00679	CTNS	0.999999999996233	-3.76668913512095e-12	5	0	0	11	9131
SM00750	KIND	0.999999999996233	-3.76668913512095e-12	5	0	0	11	9131
SM00021	DAX	0.999999999996233	-3.76668913512095e-12	5	0	0	11	9131
SM00603	LCCL	0.999999999996233	-3.76668913512095e-12	5	0	0	11	9131
SM00614	ZnF_BED	0.999999999996233	-3.76668913512095e-12	5	0	0	11	9131
SM00279	HhH2	0.999999999996233	-3.76668913512095e-12	5	0	0	11	9131
SM00570	AWS	0.999999999996233	-3.76668913512095e-12	5	0	0	11	9131
SM00872	Alpha-mann_mid	0.999999999996233	-3.76668913512095e-12	5	0	0	11	9131
SM00765	MANEC	0.999999999996233	-3.76668913512095e-12	5	0	0	11	9131
SM00539	NIDO	0.999999999996233	-3.76668913512095e-12	5	0	0	11	9131
SM00510	TFS2M	0.999999999996233	-3.76668913512095e-12	5	0	0	11	9131
SM00734	ZnF_Rad18	0.999999999996233	-3.76668913512095e-12	5	0	0	11	9131
SM00584	TLDc	0.999999999996233	-3.76668913512095e-12	5	0	0	11	9131
SM01015	Arfaptin	0.999999999996233	-3.76668913512095e-12	5	0	0	11	9131
SM01041	BRO1	0.999999999996233	-3.76668913512095e-12	5	0	0	11	9131
SM00592	BRK	0.999999999996233	-3.76668913512095e-12	5	0	0	11	9131
SM00833	CobW_C	0.999999999996233	-3.76668913512095e-12	5	0	0	11	9131
SM00485	XPGN	0.999999999996233	-3.76668913512095e-12	5	0	0	11	9131
SM00264	BAG	0.999999999996233	-3.76668913512095e-12	5	0	0	11	9131
SM00534	MUTSac	0.999999999996233	-3.76668913512095e-12	5	0	0	11	9131
SM00571	DDT	0.999999999996233	-3.76668913512095e-12	5	0	0	11	9131
SM00332	PP2Cc	0.99999999999677	-3.23043635665903e-12	20	0	0	11	9131
SM00865	Tubulin_C	0.99999999999677	-3.23043635665903e-12	20	0	0	11	9131
SM00037	CNX	0.99999999999677	-3.23043635665903e-12	20	0	0	11	9131
SM00055	FCH	0.99999999999677	-3.23043635665903e-12	20	0	0	11	9131
SM01089	Connexin_CCC	0.99999999999677	-3.23043635665903e-12	20	0	0	11	9131
SM00229	RasGEFN	0.99999999999677	-3.23043635665903e-12	20	0	0	11	9131
SM00078	IlGF	0.999999999996907	-3.09248359400386e-12	11	0	0	11	9131
SM00244	PHB	0.999999999996907	-3.09248359400386e-12	11	0	0	11	9131
SM00274	FOLN	0.999999999996907	-3.09248359400386e-12	11	0	0	11	9131
SM00310	PTBI	0.999999999996907	-3.09248359400386e-12	11	0	0	11	9131
SM00251	SAM_PNT	0.999999999996907	-3.09248359400386e-12	11	0	0	11	9131
SM00439	BAH	0.999999999996907	-3.09248359400386e-12	11	0	0	11	9131
SM00038	COLFI	0.999999999996907	-3.09248359400386e-12	11	0	0	11	9131
SM00460	TGc	0.999999999996907	-3.09248359400386e-12	11	0	0	11	9131
SM00744	RINGv	0.999999999996907	-3.09248359400386e-12	11	0	0	11	9131
SM00446	LRRcap	0.999999999996907	-3.09248359400386e-12	11	0	0	11	9131
SM00591	RWD	0.999999999996907	-3.09248359400386e-12	11	0	0	11	9131
SM00054	EFh	0.99999999999694	-3.0598670579736e-12	143	0	0	11	9131
SM00875	BACK	0.999999999997405	-2.59469526902034e-12	59	0	0	11	9131
SM00449	SPRY	0.999999999997405	-2.59469526902034e-12	59	0	0	11	9131
SM00558	JmjC	0.999999999997518	-2.48194738841056e-12	32	0	0	11	9131
SM00303	GPS	0.999999999997518	-2.48194738841056e-12	32	0	0	11	9131
SM00150	SPEC	0.999999999997518	-2.48194738841056e-12	32	0	0	11	9131
SM00091	PAS	0.999999999997518	-2.48194738841056e-12	32	0	0	11	9131
SM00248	ANK	0.999999999997571	-2.4284806049702e-12	246	0	0	11	9131
SM00208	TNFR	0.999999999998116	-1.88361753467313e-12	26	0	0	11	9131
SM00086	PAC	0.999999999998116	-1.88361753467313e-12	26	0	0	11	9131
SM00005	DEATH	0.999999999998116	-1.88361753467313e-12	26	0	0	11	9131
SM00072	GuKc	0.999999999998116	-1.88361753467313e-12	26	0	0	11	9131
SM00225	BTB	0.999999999998626	-1.37423446414346e-12	178	0	0	11	9131
SM00389	HOX	0.99999999999869	-1.31013742028284e-12	231	0	0	11	9131
SM00280	KAZAL	0.999999999998894	-1.10636314398338e-12	46	0	0	11	9131
SM00020	Tryp_SPc	0.999999999998952	-1.04769282957719e-12	113	0	0	11	9131
SM00336	BBOX	0.999999999999301	-6.99476599025904e-13	69	0	0	11	9131
SM00726	UIM	0.99999999999934	-6.6014952883857e-13	21	0	0	11	9131
SM00049	DEP	0.99999999999934	-6.6014952883857e-13	21	0	0	11	9131
SM00041	CT	0.99999999999934	-6.6014952883857e-13	21	0	0	11	9131
SM00864	Tubulin	0.99999999999934	-6.6014952883857e-13	21	0	0	11	9131
SM00050	DISIN	0.99999999999934	-6.6014952883857e-13	21	0	0	11	9131
SM00132	LIM	0.999999999999516	-4.83824338313423e-13	72	0	0	11	9131
SM00589	PRY	0.999999999999637	-3.63122765513807e-13	49	0	0	11	9131
SM00717	SANT	0.999999999999637	-3.63122765513807e-13	49	0	0	11	9131
SM00271	DnaJ	0.999999999999637	-3.63122765513807e-13	49	0	0	11	9131
SM00164	TBC	0.999999999999637	-3.63122765513807e-13	49	0	0	11	9131
SM00456	WW	1.00000000000094	9.43353128614436e-13	47	0	0	11	9131
SM00202	SR	1.0000000000016	1.60388013925873e-12	23	0	0	11	9131
SM00210	TSPN	1.0000000000016	1.60388013925873e-12	23	0	0	11	9131
SM00547	ZnF_RBZ	1.0000000000016	1.60388013925873e-12	23	0	0	11	9131
SM00120	HX	1.0000000000016	1.60388013925873e-12	23	0	0	11	9131
SM00513	SAP	1.0000000000016	1.60388013925873e-12	23	0	0	11	9131
SM00008	HormR	1.0000000000016	1.60388013925873e-12	23	0	0	11	9131
SM00112	CA	1.00000000000167	1.67120245961481e-12	115	0	0	11	9131
SM00227	NEBU	1.00000000000178	1.78430377014103e-12	4	0	0	11	9131
SM00188	IL10	1.00000000000178	1.78430377014103e-12	4	0	0	11	9131
SM00197	SAA	1.00000000000178	1.78430377014103e-12	4	0	0	11	9131
SM01053	CaMBD	1.00000000000178	1.78430377014103e-12	4	0	0	11	9131
SM00540	LEM	1.00000000000178	1.78430377014103e-12	4	0	0	11	9131
SM00426	TEA	1.00000000000178	1.78430377014103e-12	4	0	0	11	9131
SM01046	c-SKI_SMAD_bind	1.00000000000178	1.78430377014103e-12	4	0	0	11	9131
SM00701	PGRP	1.00000000000178	1.78430377014103e-12	4	0	0	11	9131
SM01007	Aldolase_II	1.00000000000178	1.78430377014103e-12	4	0	0	11	9131
SM01027	Beta-Casp	1.00000000000178	1.78430377014103e-12	4	0	0	11	9131
SM00737	ML	1.00000000000178	1.78430377014103e-12	4	0	0	11	9131
SM00243	GAS2	1.00000000000178	1.78430377014103e-12	4	0	0	11	9131
SM00664	DoH	1.00000000000178	1.78430377014103e-12	4	0	0	11	9131
SM00361	RRM_1	1.00000000000178	1.78430377014103e-12	4	0	0	11	9131
SM00542	FYRC	1.00000000000178	1.78430377014103e-12	4	0	0	11	9131
SM00753	PAM	1.00000000000178	1.78430377014103e-12	4	0	0	11	9131
SM00266	CAD	1.00000000000178	1.78430377014103e-12	4	0	0	11	9131
SM00733	Mterf	1.00000000000178	1.78430377014103e-12	4	0	0	11	9131
SM00051	DSL	1.00000000000178	1.78430377014103e-12	4	0	0	11	9131
SM00973	Sec63	1.00000000000178	1.78430377014103e-12	4	0	0	11	9131
SM00307	ILWEQ	1.00000000000178	1.78430377014103e-12	4	0	0	11	9131
SM00632	Aamy_C	1.00000000000178	1.78430377014103e-12	4	0	0	11	9131
SM00644	Ami_2	1.00000000000178	1.78430377014103e-12	4	0	0	11	9131
SM00359	PUA	1.00000000000178	1.78430377014103e-12	4	0	0	11	9131
SM00889	EFG_IV	1.00000000000178	1.78430377014103e-12	4	0	0	11	9131
SM00554	FAS1	1.00000000000178	1.78430377014103e-12	4	0	0	11	9131
SM00491	HELICc2	1.00000000000178	1.78430377014103e-12	4	0	0	11	9131
SM00483	POLXc	1.00000000000178	1.78430377014103e-12	4	0	0	11	9131
SM00678	WWE	1.00000000000178	1.78430377014103e-12	4	0	0	11	9131
SM00476	DNaseIc	1.00000000000178	1.78430377014103e-12	4	0	0	11	9131
SM00152	THY	1.00000000000178	1.78430377014103e-12	4	0	0	11	9131
SM00058	FN1	1.00000000000178	1.78430377014103e-12	4	0	0	11	9131
SM00103	ALBUMIN	1.00000000000178	1.78430377014103e-12	4	0	0	11	9131
SM00520	BASIC	1.00000000000178	1.78430377014103e-12	4	0	0	11	9131
SM00140	NGF	1.00000000000178	1.78430377014103e-12	4	0	0	11	9131
SM00259	ZnF_A20	1.00000000000178	1.78430377014103e-12	4	0	0	11	9131
SM00025	Pumilio	1.00000000000178	1.78430377014103e-12	4	0	0	11	9131
SM00098	alkPPc	1.00000000000178	1.78430377014103e-12	4	0	0	11	9131
SM00486	POLBc	1.00000000000178	1.78430377014103e-12	4	0	0	11	9131
SM00711	TDU	1.00000000000178	1.78430377014103e-12	4	0	0	11	9131
SM00694	DysFC	1.00000000000178	1.78430377014103e-12	4	0	0	11	9131
SM00206	NTR	1.00000000000178	1.78430377014103e-12	4	0	0	11	9131
SM00693	DysFN	1.00000000000178	1.78430377014103e-12	4	0	0	11	9131
SM00060	FN3	1.00000000000186	1.85514794087011e-12	187	0	0	11	9131
SM00360	RRM	1.00000000000202	2.01917663805474e-12	215	0	0	11	9131
SM00220	S_TKc	1.00000000000232	2.31731305311241e-12	268	0	0	11	9131
SM00326	SH3	1.00000000000279	2.78586495542811e-12	217	0	0	11	9131
SM00207	TNF	1.00000000000487	4.87211009420224e-12	18	0	0	11	9131
SM00121	IB	1.00000000000487	4.87211009420224e-12	18	0	0	11	9131
SM00831	Cation_ATPase_N	1.00000000000487	4.87211009420224e-12	18	0	0	11	9131
SM00261	FU	1.00000000000487	4.87211009420224e-12	18	0	0	11	9131
SM00387	HATPase_c	1.00000000000487	4.87211009420224e-12	18	0	0	11	9131
SM00044	CYCc	1.00000000000487	4.87211009420224e-12	18	0	0	11	9131
SM00079	PBPe	1.00000000000487	4.87211009420224e-12	18	0	0	11	9131
SM00847	HA2	1.00000000000487	4.87211009420224e-12	18	0	0	11	9131
SM00014	acidPPc	1.00000000000487	4.87211009420224e-12	18	0	0	11	9131
SM00918	Lig_chan-Glu_bd	1.00000000000487	4.87211009420224e-12	18	0	0	11	9131
SM00356	ZnF_C3H1	1.00000000000515	5.14586151141186e-12	44	0	0	11	9131
SM00129	KISc	1.00000000000515	5.14586151141186e-12	44	0	0	11	9131
SM00213	UBQ	1.00000000000515	5.14586151141186e-12	44	0	0	11	9131
SM00209	TSP1	1.00000000000527	5.26859603215277e-12	65	0	0	11	9131
SM00109	C1	1.00000000000527	5.26859603215277e-12	65	0	0	11	9131
SM00194	PTPc	1.00000000000544	5.44486423485262e-12	36	0	0	11	9131
SM00093	SERPIN	1.00000000000544	5.44486423485262e-12	36	0	0	11	9131
SM00036	CNH	1.00000000000563	5.63271852709041e-12	10	0	0	11	9131
SM00755	Grip	1.00000000000563	5.63271852709041e-12	10	0	0	11	9131
SM00102	ADF	1.00000000000563	5.63271852709041e-12	10	0	0	11	9131
SM00027	EH	1.00000000000563	5.63271852709041e-12	10	0	0	11	9131
SM00128	IPPc	1.00000000000563	5.63271852709041e-12	10	0	0	11	9131
SM00472	MIR	1.00000000000563	5.63271852709041e-12	10	0	0	11	9131
SM00855	PGAM	1.00000000000563	5.63271852709041e-12	10	0	0	11	9131
SM01052	CAP_GLY	1.00000000000563	5.63271852709041e-12	10	0	0	11	9131
SM00562	NDK	1.00000000000563	5.63271852709041e-12	10	0	0	11	9131
SM00085	PA2c	1.00000000000563	5.63271852709041e-12	10	0	0	11	9131
SM01017	Arrestin_C	1.00000000000563	5.63271852709041e-12	10	0	0	11	9131
SM00557	IG_FLMN	1.00000000000563	5.63271852709041e-12	10	0	0	11	9131
SM00045	DAGKa	1.00000000000563	5.63271852709041e-12	10	0	0	11	9131
SM00745	MIT	1.00000000000563	5.63271852709041e-12	10	0	0	11	9131
SM00195	DSPc	1.00000000000621	6.20877958325171e-12	29	0	0	11	9131
SM00235	ZnMc	1.00000000000621	6.20877958325171e-12	29	0	0	11	9131
SM00064	FYVE	1.00000000000621	6.20877958325171e-12	29	0	0	11	9131
SM00413	ETS	1.00000000000621	6.20877958325171e-12	29	0	0	11	9131
SM00185	ARM	1.00000000000621	6.20877958325171e-12	29	0	0	11	9131
SM00186	FBG	1.00000000000621	6.20877958325171e-12	29	0	0	11	9131
SM00526	H15	1.00000000000633	6.33318090485764e-12	13	0	0	11	9131
SM00569	L27	1.00000000000633	6.33318090485764e-12	13	0	0	11	9131
SM00721	BAR	1.00000000000633	6.33318090485764e-12	13	0	0	11	9131
SM00059	FN2	1.00000000000633	6.33318090485764e-12	13	0	0	11	9131
SM00284	OLF	1.00000000000633	6.33318090485764e-12	13	0	0	11	9131
SM00335	ANX	1.00000000000633	6.33318090485764e-12	13	0	0	11	9131
SM00645	Pept_C1	1.00000000000633	6.33318090485764e-12	13	0	0	11	9131
SM00115	CASc	1.00000000000633	6.33318090485764e-12	13	0	0	11	9131
SM00156	PP2Ac	1.00000000000633	6.33318090485764e-12	13	0	0	11	9131
SM00184	RING	1.00000000000699	6.98756487260621e-12	310	0	0	11	9131
SM00232	JAB_MPN	1.00000000000701	7.00715524223258e-12	12	0	0	11	9131
SM00160	RanBD	1.00000000000701	7.00715524223258e-12	12	0	0	11	9131
SM00692	DM3	1.00000000000701	7.00715524223258e-12	12	0	0	11	9131
SM00720	calpain_III	1.00000000000701	7.00715524223258e-12	12	0	0	11	9131
SM00980	THAP	1.00000000000701	7.00715524223258e-12	12	0	0	11	9131
SM00674	CENPB	1.00000000000701	7.00715524223258e-12	12	0	0	11	9131
SM00234	START	1.00000000000701	7.00715524223258e-12	12	0	0	11	9131
SM00479	EXOIII	1.00000000000701	7.00715524223258e-12	12	0	0	11	9131
SM00316	S1	1.00000000000701	7.00715524223258e-12	12	0	0	11	9131
SM00457	MACPF	1.00000000000701	7.00715524223258e-12	12	0	0	11	9131
SM00401	ZnF_GATA	1.00000000000701	7.00715524223258e-12	12	0	0	11	9131
SM00166	UBX	1.00000000000701	7.00715524223258e-12	12	0	0	11	9131
SM01100	CRAL_TRIO_N	1.00000000000701	7.00715524223258e-12	12	0	0	11	9131
SM00523	DWA	1.00000000000701	7.00715524223258e-12	12	0	0	11	9131
SM00061	MATH	1.00000000000701	7.00715524223258e-12	12	0	0	11	9131
SM00295	B41	1.00000000000744	7.44113258333082e-12	51	0	0	11	9131
SM00832	C8	1.00000000000966	9.6611286042495e-12	14	0	0	11	9131
SM00069	GLA	1.00000000000966	9.6611286042495e-12	14	0	0	11	9131
SM00285	PBD	1.00000000000966	9.6611286042495e-12	14	0	0	11	9131
SM00241	ZP	1.00000000000966	9.6611286042495e-12	14	0	0	11	9131
SM00666	PB1	1.00000000000966	9.6611286042495e-12	14	0	0	11	9131
SM00200	SEA	1.00000000000966	9.6611286042495e-12	14	0	0	11	9131
SM00615	EPH_lbd	1.00000000000966	9.6611286042495e-12	14	0	0	11	9131
SM00445	LINK	1.00000000000966	9.6611286042495e-12	14	0	0	11	9131
SM00246	WH2	1.00000000000966	9.6611286042495e-12	14	0	0	11	9131
SM00323	RasGAP	1.00000000000966	9.6611286042495e-12	14	0	0	11	9131
SM00643	C345C	1.00000000000966	9.6611286042495e-12	14	0	0	11	9131
SM00046	DAGKc	1.00000000000966	9.6611286042495e-12	14	0	0	11	9131
SM00647	IBR	1.00000000000966	9.6611286042495e-12	14	0	0	11	9131
SM00502	BBC	1.00000000000966	9.6611286042495e-12	14	0	0	11	9131
SM00015	IQ	1.00000000000998	9.97510389658348e-12	85	0	0	11	9131
SM00082	LRRCT	1.00000000001051	1.05078967720753e-11	90	0	0	11	9131
SM00199	SCY	1.00000000001117	1.11693432615327e-11	43	0	0	11	9131
SM00297	BROMO	1.00000000001117	1.11693432615327e-11	43	0	0	11	9131
SM00312	PX	1.00000000001117	1.11693432615327e-11	43	0	0	11	9131
SM00180	EGF_Lam	1.00000000001176	1.17614476473161e-11	34	0	0	11	9131
SM00100	cNMP	1.00000000001176	1.17614476473161e-11	34	0	0	11	9131
SM00315	RGS	1.00000000001176	1.17614476473161e-11	34	0	0	11	9131
SM00252	SH2	1.00000000001267	1.26683910366074e-11	112	0	0	11	9131
SM00136	LamNT	1.00000000001357	1.3569123033881e-11	16	0	0	11	9131
SM00275	G_alpha	1.00000000001357	1.3569123033881e-11	16	0	0	11	9131
SM00427	H2B	1.00000000001357	1.3569123033881e-11	16	0	0	11	9131
SM00222	Sec7	1.00000000001357	1.3569123033881e-11	16	0	0	11	9131
SM00801	dDENN	1.00000000001357	1.3569123033881e-11	16	0	0	11	9131
SM00799	DENN	1.00000000001357	1.3569123033881e-11	16	0	0	11	9131
SM00130	KR	1.00000000001357	1.3569123033881e-11	16	0	0	11	9131
SM00088	PINT	1.00000000001357	1.3569123033881e-11	16	0	0	11	9131
SM00293	PWWP	1.00000000001357	1.3569123033881e-11	16	0	0	11	9131
SM00352	POU	1.00000000001357	1.3569123033881e-11	16	0	0	11	9131
SM00114	CARD	1.00000000001357	1.3569123033881e-11	16	0	0	11	9131
SM00568	GRAM	1.00000000001357	1.3569123033881e-11	16	0	0	11	9131
SM00724	TLC	1.00000000001357	1.3569123033881e-11	16	0	0	11	9131
SM00913	IBN_N	1.00000000001357	1.3569123033881e-11	16	0	0	11	9131
SM00146	PI3Kc	1.00000000001357	1.3569123033881e-11	16	0	0	11	9131
SM00105	ArfGap	1.00000000001377	1.37684216905907e-11	28	0	0	11	9131
SM00240	FHA	1.00000000001377	1.37684216905907e-11	28	0	0	11	9131
SM00667	LisH	1.00000000001377	1.37684216905907e-11	28	0	0	11	9131
SM00147	RasGEF	1.00000000001377	1.37684216905907e-11	28	0	0	11	9131
SM00471	HDc	1.00000000001473	1.47253027694937e-11	24	0	0	11	9131
SM00324	RhoGAP	1.00000000001646	1.64635612409321e-11	64	0	0	11	9131
SM00175	RAB	1.00000000001646	1.64635612409321e-11	64	0	0	11	9131
SM00343	ZnF_C2HC	1.00000000001682	1.6822576209232e-11	41	0	0	11	9131
SM00630	Sema	1.00000000001807	1.80713103466371e-11	30	0	0	11	9131
SM00165	UBA	1.00000000001807	1.80713103466371e-11	30	0	0	11	9131
SM00442	FGF	1.00000000001925	1.92470065853551e-11	22	0	0	11	9131
SM00397	t_SNARE	1.00000000001925	1.92470065853551e-11	22	0	0	11	9131
SM00177	ARF	1.00000000001925	1.92470065853551e-11	22	0	0	11	9131
SM00292	BRCT	1.00000000001925	1.92470065853551e-11	22	0	0	11	9131
SM00443	G_patch	1.00000000001925	1.92470065853551e-11	22	0	0	11	9131
SM00406	IGv	1.00000000001925	1.92470065853551e-11	22	0	0	11	9131
SM00450	RHOD	1.00000000001925	1.92470065853551e-11	22	0	0	11	9131
SM00228	PDZ	1.0000000000229	2.28970993599032e-11	149	0	0	11	9131
SM00385	CYCLIN	1.00000000002381	2.38072166079168e-11	37	0	0	11	9131
SM00204	TGFB	1.00000000002381	2.38072166079168e-11	37	0	0	11	9131
SM00233	PH	1.00000000002384	2.38418890898671e-11	278	0	0	11	9131
SM00033	CH	1.00000000002407	2.40706479983877e-11	66	0	0	11	9131
SM00325	RhoGEF	1.00000000002407	2.40706479983877e-11	66	0	0	11	9131
SM00409	IG	1.00000000002903	2.90294182036468e-11	340	0	0	11	9131
