TermID	Term	Enrichment	logP	Genes in Term	Target Genes in Term	Fraction of Targets in Term	Total Target Genes	Total Genes	Entrez Gene IDs	Gene Symbols
SM00399	ZnF_C4	0.000128474229746903	-8.95978222045789	46	3	0.15	20	9131	7026,5468,7025	NR2F2,PPARG,NR2F1
SM00430	HOLI	0.000145974229855173	-8.83208045967656	48	3	0.15	20	9131	7026,5468,7025	NR2F2,PPARG,NR2F1
SM00227	NEBU	0.00873404905619656	-4.74052620724155	4	1	0.05	20	9131	10529	NEBL
SM00132	LIM	0.0106288037396815	-4.54418762920918	72	2	0.1	20	9131	10529,10611	NEBL,PDLIM5
SM00237	Calx_beta	0.0173955969962473	-4.05153815097593	8	1	0.05	20	9131	3691	ITGB4
SM00065	GAF	0.0173955969962473	-4.05153815097593	8	1	0.05	20	9131	10846	PDE10A
SM00187	INB	0.0173955969962473	-4.05153815097593	8	1	0.05	20	9131	3691	ITGB4
SM00036	CNH	0.0216993614647932	-3.83047244445423	10	1	0.05	20	9131	23043	TNIK
SM00445	LINK	0.0302532259120126	-3.49815245847168	14	1	0.05	20	9131	960	CD44
SM00097	WNT1	0.0408456616348364	-3.19795466564558	19	1	0.05	20	9131	51384	WNT16
SM00120	HX	0.0492403760374222	-3.01104134086681	23	1	0.05	20	9131	4325	MMP16
SM00471	HDc	0.0513281222471443	-2.9695164850556	24	1	0.05	20	9131	10846	PDE10A
SM00174	RHO	0.0534115127777668	-2.929728961164	25	1	0.05	20	9131	58480	RHOU
SM00235	ZnMc	0.0617016900556639	-2.78544395694409	29	1	0.05	20	9131	4325	MMP16
SM00180	EGF_Lam	0.0719674372948536	-2.63154152206009	34	1	0.05	20	9131	3910	LAMA4
SM00282	LamG	0.092179709237588	-2.38401524598431	44	1	0.05	20	9131	3910	LAMA4
SM00423	PSI	0.0941777730418284	-2.36257108021155	45	1	0.05	20	9131	3691	ITGB4
SM00280	KAZAL	0.0961716586419144	-2.34162057342806	46	1	0.05	20	9131	81796	SLCO5A1
SM00042	CUB	0.102128328881611	-2.28152513018524	49	1	0.05	20	9131	114788	CSMD3
SM00032	CCP	0.113929970396615	-2.17217131411051	55	1	0.05	20	9131	114788	CSMD3
SM00220	S_TKc	0.115421445638174	-2.15916510475458	268	2	0.1	20	9131	23043,817	TNIK,CAMK2D
SM00109	C1	0.133272543058061	-2.01535905157315	65	1	0.05	20	9131	23025	UNC13A
SM00327	VWA	0.16892364897631	-1.77830844734821	84	1	0.05	20	9131	3691	ITGB4
SM00112	CA	0.22411782759089	-1.49558334939427	115	1	0.05	20	9131	64084	CLSTN2
SM00239	C2	0.257859263296317	-1.35534133399446	135	1	0.05	20	9131	23025	UNC13A
SM00228	PDZ	0.280643731173438	-1.27066927465638	149	1	0.05	20	9131	10611	PDLIM5
SM00060	FN3	0.339185231255497	-1.08120891594301	187	1	0.05	20	9131	3691	ITGB4
SM00181	EGF	0.370978448496881	-0.991611308366913	209	1	0.05	20	9131	3910	LAMA4
SM00326	SH3	0.382175068117142	-0.961876481859581	217	1	0.05	20	9131	10529	NEBL
SM00184	RING	0.499191677353873	-0.6947651340333	310	1	0.05	20	9131	54894	RNF43
SM00355	ZnF_C2H2	0.840519807492341	-0.173734760090695	800	1	0.05	20	9131	7546	ZIC2
SM00454	SAM	0.999999999974496	-2.55043700628951e-11	88	0	0	20	9131
SM00219	TyrKc	0.999999999974496	-2.55043700628951e-11	88	0	0	20	9131
SM00338	BRLZ	0.999999999976763	-2.32373955250702e-11	52	0	0	20	9131
SM00256	FBOX	0.999999999976763	-2.32373955250702e-11	52	0	0	20	9131
SM00179	EGF_CA	0.999999999976766	-2.32340904210874e-11	98	0	0	20	9131
SM00490	HELICc	0.99999999997932	-2.06804381715375e-11	106	0	0	20	9131
SM00458	RICIN	0.999999999979743	-2.02571443312539e-11	27	0	0	20	9131
SM00110	C1Q	0.999999999979743	-2.02571443312539e-11	27	0	0	20	9131
SM00173	RAS	0.999999999979743	-2.02571443312539e-11	27	0	0	20	9131
SM00119	HECTc	0.999999999979743	-2.02571443312539e-11	27	0	0	20	9131
SM00384	AT_hook	0.999999999979743	-2.02571443312539e-11	27	0	0	20	9131
SM00429	IPT	0.999999999979743	-2.02571443312539e-11	27	0	0	20	9131
SM00408	IGc2	0.999999999980314	-1.96863705200266e-11	216	0	0	20	9131
SM00428	H3	0.999999999981222	-1.87777503388349e-11	6	0	0	20	9131
SM00710	PbH1	0.999999999981222	-1.87777503388349e-11	6	0	0	20	9131
SM00548	IRO	0.999999999981222	-1.87777503388349e-11	6	0	0	20	9131
SM00302	GED	0.999999999981222	-1.87777503388349e-11	6	0	0	20	9131
SM00111	C4	0.999999999981222	-1.87777503388349e-11	6	0	0	20	9131
SM00564	PQQ	0.999999999981222	-1.87777503388349e-11	6	0	0	20	9131
SM00441	FF	0.999999999981222	-1.87777503388349e-11	6	0	0	20	9131
SM00159	PTX	0.999999999981222	-1.87777503388349e-11	6	0	0	20	9131
SM00920	MHC_II_alpha	0.999999999981222	-1.87777503388349e-11	6	0	0	20	9131
SM00394	RIIa	0.999999999981222	-1.87777503388349e-11	6	0	0	20	9131
SM00907	GDNF	0.999999999981222	-1.87777503388349e-11	6	0	0	20	9131
SM00477	NUC	0.999999999981222	-1.87777503388349e-11	6	0	0	20	9131
SM00506	A1pp	0.999999999981222	-1.87777503388349e-11	6	0	0	20	9131
SM00775	LNS2	0.999999999981222	-1.87777503388349e-11	6	0	0	20	9131
SM00741	SapB	0.999999999981222	-1.87777503388349e-11	6	0	0	20	9131
SM00952	RAP	0.999999999981222	-1.87777503388349e-11	6	0	0	20	9131
SM00440	ZnF_C2C2	0.999999999981222	-1.87777503388349e-11	6	0	0	20	9131
SM00432	MADS	0.999999999981222	-1.87777503388349e-11	6	0	0	20	9131
SM00695	DUSP	0.999999999981222	-1.87777503388349e-11	6	0	0	20	9131
SM00367	LRR_CC	0.999999999981222	-1.87777503388349e-11	6	0	0	20	9131
SM00863	tRNA_SAD	0.999999999981222	-1.87777503388349e-11	6	0	0	20	9131
SM00811	Alpha_kinase	0.999999999981222	-1.87777503388349e-11	6	0	0	20	9131
SM00099	btg1	0.999999999981222	-1.87777503388349e-11	6	0	0	20	9131
SM00257	LysM	0.999999999981222	-1.87777503388349e-11	6	0	0	20	9131
SM00070	GLUCA	0.999999999981222	-1.87777503388349e-11	6	0	0	20	9131
SM00838	EFG_C	0.999999999981222	-1.87777503388349e-11	6	0	0	20	9131
SM00665	B561	0.999999999981222	-1.87777503388349e-11	6	0	0	20	9131
SM00022	PLAc	0.999999999981222	-1.87777503388349e-11	6	0	0	20	9131
SM00892	Endonuclease_NS	0.999999999981222	-1.87777503388349e-11	6	0	0	20	9131
SM00167	VPS9	0.999999999981222	-1.87777503388349e-11	6	0	0	20	9131
SM00968	SMC_hinge	0.999999999981222	-1.87777503388349e-11	6	0	0	20	9131
SM00670	PINc	0.999999999981222	-1.87777503388349e-11	6	0	0	20	9131
SM00155	PLDc	0.999999999981222	-1.87777503388349e-11	6	0	0	20	9131
SM00415	HSF	0.999999999981222	-1.87777503388349e-11	6	0	0	20	9131
SM00648	SWAP	0.999999999981222	-1.87777503388349e-11	6	0	0	20	9131
SM00544	MA3	0.999999999981222	-1.87777503388349e-11	6	0	0	20	9131
SM00757	CRA	0.999999999981222	-1.87777503388349e-11	6	0	0	20	9131
SM00368	LRR_RI	0.999999999981222	-1.87777503388349e-11	6	0	0	20	9131
SM00218	ZU5	0.999999999981222	-1.87777503388349e-11	6	0	0	20	9131
SM00139	MyTH4	0.999999999981222	-1.87777503388349e-11	6	0	0	20	9131
SM00145	PI3Ka	0.999999999981537	-1.8463445995011e-11	9	0	0	20	9131
SM00288	VHS	0.999999999981537	-1.8463445995011e-11	9	0	0	20	9131
SM00351	PAX	0.999999999981537	-1.8463445995011e-11	9	0	0	20	9131
SM00329	BPI2	0.999999999981537	-1.8463445995011e-11	9	0	0	20	9131
SM00328	BPI1	0.999999999981537	-1.8463445995011e-11	9	0	0	20	9131
SM00201	SO	0.999999999981537	-1.8463445995011e-11	9	0	0	20	9131
SM00949	PAZ	0.999999999981537	-1.8463445995011e-11	9	0	0	20	9131
SM01025	BEN	0.999999999981537	-1.8463445995011e-11	9	0	0	20	9131
SM00809	Alpha_adaptinC2	0.999999999981537	-1.8463445995011e-11	9	0	0	20	9131
SM00386	HAT	0.999999999981537	-1.8463445995011e-11	9	0	0	20	9131
SM00668	CTLH	0.999999999981537	-1.8463445995011e-11	9	0	0	20	9131
SM01026	Beach	0.999999999981537	-1.8463445995011e-11	9	0	0	20	9131
SM01039	BRICHOS	0.999999999981537	-1.8463445995011e-11	9	0	0	20	9131
SM00543	MIF4G	0.999999999981537	-1.8463445995011e-11	9	0	0	20	9131
SM00561	MBT	0.999999999981537	-1.8463445995011e-11	9	0	0	20	9131
SM00921	MHC_II_beta	0.999999999981537	-1.8463445995011e-11	9	0	0	20	9131
SM00348	IRF	0.999999999981537	-1.8463445995011e-11	9	0	0	20	9131
SM00107	BTK	0.999999999981537	-1.8463445995011e-11	9	0	0	20	9131
SM00089	PKD	0.999999999981537	-1.8463445995011e-11	9	0	0	20	9131
SM00273	ENTH	0.999999999981537	-1.8463445995011e-11	9	0	0	20	9131
SM00727	STI1	0.999999999981537	-1.8463445995011e-11	9	0	0	20	9131
SM00141	PDGF	0.999999999981537	-1.8463445995011e-11	9	0	0	20	9131
SM00369	LRR_TYP	0.999999999981786	-1.82139653774354e-11	134	0	0	20	9131
SM00755	Grip	0.999999999982133	-1.78671240914103e-11	10	0	0	20	9131
SM00102	ADF	0.999999999982133	-1.78671240914103e-11	10	0	0	20	9131
SM00027	EH	0.999999999982133	-1.78671240914103e-11	10	0	0	20	9131
SM00128	IPPc	0.999999999982133	-1.78671240914103e-11	10	0	0	20	9131
SM00472	MIR	0.999999999982133	-1.78671240914103e-11	10	0	0	20	9131
SM00855	PGAM	0.999999999982133	-1.78671240914103e-11	10	0	0	20	9131
SM01052	CAP_GLY	0.999999999982133	-1.78671240914103e-11	10	0	0	20	9131
SM00562	NDK	0.999999999982133	-1.78671240914103e-11	10	0	0	20	9131
SM00085	PA2c	0.999999999982133	-1.78671240914103e-11	10	0	0	20	9131
SM01017	Arrestin_C	0.999999999982133	-1.78671240914103e-11	10	0	0	20	9131
SM00557	IG_FLMN	0.999999999982133	-1.78671240914103e-11	10	0	0	20	9131
SM00045	DAGKa	0.999999999982133	-1.78671240914103e-11	10	0	0	20	9131
SM00745	MIT	0.999999999982133	-1.78671240914103e-11	10	0	0	20	9131
SM00336	BBOX	0.999999999983453	-1.65467332270573e-11	69	0	0	20	9131
SM00242	MYSc	0.999999999984431	-1.55685751092369e-11	38	0	0	20	9131
SM00631	Zn_pept	0.999999999984787	-1.52129242985281e-11	17	0	0	20	9131
SM00255	TIR	0.999999999984787	-1.52129242985281e-11	17	0	0	20	9131
SM00425	TBOX	0.999999999984787	-1.52129242985281e-11	17	0	0	20	9131
SM00076	IFabd	0.999999999984787	-1.52129242985281e-11	17	0	0	20	9131
SM00211	TY	0.999999999984787	-1.52129242985281e-11	17	0	0	20	9131
SM00131	KU	0.999999999984787	-1.52129242985281e-11	17	0	0	20	9131
SM01057	Carb_anhydrase	0.999999999984787	-1.52129242985281e-11	17	0	0	20	9131
SM00508	PostSET	0.999999999984787	-1.52129242985281e-11	17	0	0	20	9131
SM00593	RUN	0.999999999984787	-1.52129242985281e-11	17	0	0	20	9131
SM00224	GGL	0.999999999984787	-1.52129242985281e-11	17	0	0	20	9131
SM00563	PlsC	0.999999999984787	-1.52129242985281e-11	17	0	0	20	9131
SM00216	VWD	0.999999999984787	-1.52129242985281e-11	17	0	0	20	9131
SM00043	CY	0.999999999984787	-1.52129242985281e-11	17	0	0	20	9131
SM00651	Sm	0.999999999984787	-1.52129242985281e-11	17	0	0	20	9131
SM00013	LRRNT	0.999999999986004	-1.39962061309659e-11	100	0	0	20	9131
SM00209	TSP1	0.999999999987392	-1.26083690056264e-11	65	0	0	20	9131
SM00433	TOP2c	0.999999999987561	-1.24387951568522e-11	2	0	0	20	9131
SM01096	CPSase_L_D3	0.999999999987561	-1.24387951568522e-11	2	0	0	20	9131
SM00882	CoA_trans	0.999999999987561	-1.24387951568522e-11	2	0	0	20	9131
SM00494	ChtBD2	0.999999999987561	-1.24387951568522e-11	2	0	0	20	9131
SM00559	Ku78	0.999999999987561	-1.24387951568522e-11	2	0	0	20	9131
SM00661	RPOL9	0.999999999987561	-1.24387951568522e-11	2	0	0	20	9131
SM00392	PROF	0.999999999987561	-1.24387951568522e-11	2	0	0	20	9131
SM01002	AlaDh_PNT_C	0.999999999987561	-1.24387951568522e-11	2	0	0	20	9131
SM00657	RPOL4c	0.999999999987561	-1.24387951568522e-11	2	0	0	20	9131
SM00788	Adenylsucc_synt	0.999999999987561	-1.24387951568522e-11	2	0	0	20	9131
SM00581	PSP	0.999999999987561	-1.24387951568522e-11	2	0	0	20	9131
SM00035	CLa	0.999999999987561	-1.24387951568522e-11	2	0	0	20	9131
SM00434	TOP4c	0.999999999987561	-1.24387951568522e-11	2	0	0	20	9131
SM01097	CPSase_sm_chain	0.999999999987561	-1.24387951568522e-11	2	0	0	20	9131
SM00803	TAF	0.999999999987561	-1.24387951568522e-11	2	0	0	20	9131
SM00714	LITAF	0.999999999987561	-1.24387951568522e-11	2	0	0	20	9131
SM01011	AMP_N	0.999999999987561	-1.24387951568522e-11	2	0	0	20	9131
SM00493	TOPRIM	0.999999999987561	-1.24387951568522e-11	2	0	0	20	9131
SM00649	RL11	0.999999999987561	-1.24387951568522e-11	2	0	0	20	9131
SM00853	MutL_C	0.999999999987561	-1.24387951568522e-11	2	0	0	20	9131
SM01000	Aha1_N	0.999999999987561	-1.24387951568522e-11	2	0	0	20	9131
SM01003	AlaDh_PNT_N	0.999999999987561	-1.24387951568522e-11	2	0	0	20	9131
SM00896	FDX-ACB	0.999999999987561	-1.24387951568522e-11	2	0	0	20	9131
SM00684	DM15	0.999999999987561	-1.24387951568522e-11	2	0	0	20	9131
SM00653	eIF2B_5	0.999999999987561	-1.24387951568522e-11	2	0	0	20	9131
SM00638	LPD_N	0.999999999987561	-1.24387951568522e-11	2	0	0	20	9131
SM00732	YqgFc	0.999999999987561	-1.24387951568522e-11	2	0	0	20	9131
SM00525	FES	0.999999999987561	-1.24387951568522e-11	2	0	0	20	9131
SM01076	CG-1	0.999999999987561	-1.24387951568522e-11	2	0	0	20	9131
SM00902	Fe_hyd_SSU	0.999999999987561	-1.24387951568522e-11	2	0	0	20	9131
SM01084	CKS	0.999999999987561	-1.24387951568522e-11	2	0	0	20	9131
SM01070	CDC37_M	0.999999999987561	-1.24387951568522e-11	2	0	0	20	9131
SM00807	AKAP_110	0.999999999987561	-1.24387951568522e-11	2	0	0	20	9131
SM00003	NH	0.999999999987561	-1.24387951568522e-11	2	0	0	20	9131
SM00151	SWIB	0.999999999987561	-1.24387951568522e-11	2	0	0	20	9131
SM00586	ZnF_DBF	0.999999999987561	-1.24387951568522e-11	2	0	0	20	9131
SM00888	EF1_GNE	0.999999999987561	-1.24387951568522e-11	2	0	0	20	9131
SM00915	Jacalin	0.999999999987561	-1.24387951568522e-11	2	0	0	20	9131
SM00178	SAR	0.999999999987561	-1.24387951568522e-11	2	0	0	20	9131
SM00963	SRP54_N	0.999999999987561	-1.24387951568522e-11	2	0	0	20	9131
SM00466	SRA	0.999999999987561	-1.24387951568522e-11	2	0	0	20	9131
SM00731	SprT	0.999999999987561	-1.24387951568522e-11	2	0	0	20	9131
SM00956	RQC	0.999999999987561	-1.24387951568522e-11	2	0	0	20	9131
SM00758	PA14	0.999999999987561	-1.24387951568522e-11	2	0	0	20	9131
SM01028	Beta-TrCP_D	0.999999999987561	-1.24387951568522e-11	2	0	0	20	9131
SM00761	HDAC_interact	0.999999999987561	-1.24387951568522e-11	2	0	0	20	9131
SM00551	ZnF_TAZ	0.999999999987561	-1.24387951568522e-11	2	0	0	20	9131
SM00190	IL4_13	0.999999999987561	-1.24387951568522e-11	2	0	0	20	9131
SM00777	Mad3_BUB1_I	0.999999999987561	-1.24387951568522e-11	2	0	0	20	9131
SM00555	GIT	0.999999999987561	-1.24387951568522e-11	2	0	0	20	9131
SM00756	VKc	0.999999999987561	-1.24387951568522e-11	2	0	0	20	9131
SM00986	UDG	0.999999999987561	-1.24387951568522e-11	2	0	0	20	9131
SM00818	Amelogenin	0.999999999987561	-1.24387951568522e-11	2	0	0	20	9131
SM00792	Agouti	0.999999999987561	-1.24387951568522e-11	2	0	0	20	9131
SM00951	QLQ	0.999999999987561	-1.24387951568522e-11	2	0	0	20	9131
SM00560	LamGL	0.999999999987561	-1.24387951568522e-11	2	0	0	20	9131
SM00937	PCRF	0.999999999987561	-1.24387951568522e-11	2	0	0	20	9131
SM01074	Cdc6_C	0.999999999987561	-1.24387951568522e-11	2	0	0	20	9131
SM01010	AMPKBI	0.999999999987561	-1.24387951568522e-11	2	0	0	20	9131
SM01086	ClpB_D2-small	0.999999999987561	-1.24387951568522e-11	2	0	0	20	9131
SM00193	PTN	0.999999999987561	-1.24387951568522e-11	2	0	0	20	9131
SM00176	RAN	0.999999999987561	-1.24387951568522e-11	2	0	0	20	9131
SM00785	AARP2CN	0.999999999987561	-1.24387951568522e-11	2	0	0	20	9131
SM00839	ELFV_dehydrog	0.999999999987561	-1.24387951568522e-11	2	0	0	20	9131
SM00705	THEG	0.999999999987561	-1.24387951568522e-11	2	0	0	20	9131
SM00029	GASTRIN	0.999999999987561	-1.24387951568522e-11	2	0	0	20	9131
SM01023	BAF	0.999999999987561	-1.24387951568522e-11	2	0	0	20	9131
SM00829	PKS_ER	0.999999999987561	-1.24387951568522e-11	2	0	0	20	9131
SM00804	TAP_C	0.999999999987561	-1.24387951568522e-11	2	0	0	20	9131
SM00873	B3_4	0.999999999987561	-1.24387951568522e-11	2	0	0	20	9131
SM00846	Gp_dh_N	0.999999999987561	-1.24387951568522e-11	2	0	0	20	9131
SM00808	FABD	0.999999999987561	-1.24387951568522e-11	2	0	0	20	9131
SM00993	YL1_C	0.999999999987561	-1.24387951568522e-11	2	0	0	20	9131
SM00860	SMI1_KNR4	0.999999999987561	-1.24387951568522e-11	2	0	0	20	9131
SM00080	LIF_OSM	0.999999999987561	-1.24387951568522e-11	2	0	0	20	9131
SM00682	G2F	0.999999999987561	-1.24387951568522e-11	2	0	0	20	9131
SM01092	CO_deh_flav_C	0.999999999987561	-1.24387951568522e-11	2	0	0	20	9131
SM00126	IL6	0.999999999987561	-1.24387951568522e-11	2	0	0	20	9131
SM00090	RIO	0.999999999987561	-1.24387951568522e-11	2	0	0	20	9131
SM00512	Skp1	0.999999999987561	-1.24387951568522e-11	2	0	0	20	9131
SM00437	TOP1Ac	0.999999999987561	-1.24387951568522e-11	2	0	0	20	9131
SM00650	rADc	0.999999999987561	-1.24387951568522e-11	2	0	0	20	9131
SM00464	LON	0.999999999987561	-1.24387951568522e-11	2	0	0	20	9131
SM00852	MoCF_biosynth	0.999999999987561	-1.24387951568522e-11	2	0	0	20	9131
SM00435	TOPEUc	0.999999999987561	-1.24387951568522e-11	2	0	0	20	9131
SM00978	Tim44	0.999999999987561	-1.24387951568522e-11	2	0	0	20	9131
SM00500	SFM	0.999999999987561	-1.24387951568522e-11	2	0	0	20	9131
SM00635	BID_2	0.999999999987561	-1.24387951568522e-11	2	0	0	20	9131
SM00893	ETF	0.999999999987561	-1.24387951568522e-11	2	0	0	20	9131
SM00812	Alpha_L_fucos	0.999999999987561	-1.24387951568522e-11	2	0	0	20	9131
SM00417	H4	0.999999999987561	-1.24387951568522e-11	2	0	0	20	9131
SM00388	HisKA	0.999999999987561	-1.24387951568522e-11	2	0	0	20	9131
SM00962	SRP54	0.999999999987561	-1.24387951568522e-11	2	0	0	20	9131
SM00436	TOP1Bc	0.999999999987561	-1.24387951568522e-11	2	0	0	20	9131
SM00967	SpoU_sub_bind	0.999999999987561	-1.24387951568522e-11	2	0	0	20	9131
SM00087	PTH	0.999999999987561	-1.24387951568522e-11	2	0	0	20	9131
SM00536	AXH	0.999999999987561	-1.24387951568522e-11	2	0	0	20	9131
SM00030	CLb	0.999999999987561	-1.24387951568522e-11	2	0	0	20	9131
SM00662	RPOLD	0.999999999987561	-1.24387951568522e-11	2	0	0	20	9131
SM01104	CTD	0.999999999987561	-1.24387951568522e-11	2	0	0	20	9131
SM00223	APPLE	0.999999999987561	-1.24387951568522e-11	2	0	0	20	9131
SM01047	C1_4	0.999999999987561	-1.24387951568522e-11	2	0	0	20	9131
SM00685	DM14	0.999999999987561	-1.24387951568522e-11	2	0	0	20	9131
SM00992	YccV-like	0.999999999987561	-1.24387951568522e-11	2	0	0	20	9131
SM00438	ZnF_NFX	0.999999999987561	-1.24387951568522e-11	2	0	0	20	9131
SM00469	WIF	0.999999999987561	-1.24387951568522e-11	2	0	0	20	9131
SM01072	CDC48_2	0.999999999987561	-1.24387951568522e-11	2	0	0	20	9131
SM01008	Ald_Xan_dh_C	0.999999999987561	-1.24387951568522e-11	2	0	0	20	9131
SM00313	PXA	0.999999999987561	-1.24387951568522e-11	2	0	0	20	9131
SM00249	PHD	0.999999999987771	-1.22294590136738e-11	91	0	0	20	9131
SM00582	RPR	0.99999999998785	-1.21501073222621e-11	8	0	0	20	9131
SM00861	Transket_pyr	0.99999999998785	-1.21501073222621e-11	8	0	0	20	9131
SM00142	PI3K_C2	0.99999999998785	-1.21501073222621e-11	8	0	0	20	9131
SM00018	PD	0.99999999998785	-1.21501073222621e-11	8	0	0	20	9131
SM00609	VIT	0.99999999998785	-1.21501073222621e-11	8	0	0	20	9131
SM00357	CSP	0.99999999998785	-1.21501073222621e-11	8	0	0	20	9131
SM00524	DWB	0.99999999998785	-1.21501073222621e-11	8	0	0	20	9131
SM00393	R3H	0.99999999998785	-1.21501073222621e-11	8	0	0	20	9131
SM00671	SEL1	0.99999999998785	-1.21501073222621e-11	8	0	0	20	9131
SM00511	ORANGE	0.99999999998785	-1.21501073222621e-11	8	0	0	20	9131
SM00948	Proteasome_A_N	0.99999999998785	-1.21501073222621e-11	8	0	0	20	9131
SM00092	RNAse_Pc	0.99999999998785	-1.21501073222621e-11	8	0	0	20	9131
SM00391	MBD	0.99999999998785	-1.21501073222621e-11	8	0	0	20	9131
SM00153	VHP	0.99999999998785	-1.21501073222621e-11	8	0	0	20	9131
SM00950	Piwi	0.99999999998785	-1.21501073222621e-11	8	0	0	20	9131
SM00577	CPDc	0.99999999998785	-1.21501073222621e-11	8	0	0	20	9131
SM00545	JmjN	0.99999999998785	-1.21501073222621e-11	8	0	0	20	9131
SM00263	LYZ1	0.99999999998785	-1.21501073222621e-11	8	0	0	20	9131
SM00238	BIR	0.99999999998785	-1.21501073222621e-11	8	0	0	20	9131
SM00503	SynN	0.99999999998785	-1.21501073222621e-11	8	0	0	20	9131
SM00350	MCM	0.99999999998785	-1.21501073222621e-11	8	0	0	20	9131
SM00461	WH1	0.99999999998785	-1.21501073222621e-11	8	0	0	20	9131
SM00746	TRASH	0.99999999998785	-1.21501073222621e-11	8	0	0	20	9131
SM00068	GHB	0.99999999998785	-1.21501073222621e-11	8	0	0	20	9131
SM00262	GEL	0.99999999998785	-1.21501073222621e-11	8	0	0	20	9131
SM00215	VWC_out	0.99999999998785	-1.21501073222621e-11	8	0	0	20	9131
SM00258	SAND	0.99999999998785	-1.21501073222621e-11	8	0	0	20	9131
SM00382	AAA	0.999999999988277	-1.17229926105431e-11	144	0	0	20	9131
SM00082	LRRCT	0.999999999988556	-1.14442689074537e-11	90	0	0	20	9131
SM00136	LamNT	0.999999999988624	-1.13762471986123e-11	16	0	0	20	9131
SM00275	G_alpha	0.999999999988624	-1.13762471986123e-11	16	0	0	20	9131
SM00427	H2B	0.999999999988624	-1.13762471986123e-11	16	0	0	20	9131
SM00222	Sec7	0.999999999988624	-1.13762471986123e-11	16	0	0	20	9131
SM00801	dDENN	0.999999999988624	-1.13762471986123e-11	16	0	0	20	9131
SM00799	DENN	0.999999999988624	-1.13762471986123e-11	16	0	0	20	9131
SM00130	KR	0.999999999988624	-1.13762471986123e-11	16	0	0	20	9131
SM00088	PINT	0.999999999988624	-1.13762471986123e-11	16	0	0	20	9131
SM00293	PWWP	0.999999999988624	-1.13762471986123e-11	16	0	0	20	9131
SM00352	POU	0.999999999988624	-1.13762471986123e-11	16	0	0	20	9131
SM00702	P4Hc	0.999999999988624	-1.13762471986123e-11	16	0	0	20	9131
SM00114	CARD	0.999999999988624	-1.13762471986123e-11	16	0	0	20	9131
SM00568	GRAM	0.999999999988624	-1.13762471986123e-11	16	0	0	20	9131
SM00724	TLC	0.999999999988624	-1.13762471986123e-11	16	0	0	20	9131
SM00913	IBN_N	0.999999999988624	-1.13762471986123e-11	16	0	0	20	9131
SM00146	PI3Kc	0.999999999988624	-1.13762471986123e-11	16	0	0	20	9131
SM00317	SET	0.999999999988693	-1.13073882663616e-11	47	0	0	20	9131
SM00456	WW	0.999999999988693	-1.13073882663616e-11	47	0	0	20	9131
SM00034	CLECT	0.999999999988971	-1.10289822800221e-11	84	0	0	20	9131
SM00389	HOX	0.999999999989059	-1.09411031378199e-11	231	0	0	20	9131
SM00298	CHROMO	0.99999999998916	-1.08395279911609e-11	31	0	0	20	9131
SM00314	RA	0.99999999998916	-1.08395279911609e-11	31	0	0	20	9131
SM00268	ACTIN	0.99999999998916	-1.08395279911609e-11	31	0	0	20	9131
SM00462	PTB	0.99999999998916	-1.08395279911609e-11	31	0	0	20	9131
SM00339	FH	0.999999999990201	-9.79900455700879e-12	48	0	0	20	9131
SM00192	LDLa	0.999999999990201	-9.79900455700879e-12	48	0	0	20	9131
SM00020	Tryp_SPc	0.999999999990699	-9.30107358038901e-12	113	0	0	20	9131
SM00214	VWC	0.99999999999083	-9.16970662308538e-12	39	0	0	20	9131
SM00322	KH	0.99999999999083	-9.16970662308538e-12	39	0	0	20	9131
SM00969	SOCS_box	0.99999999999083	-9.16970662308538e-12	39	0	0	20	9131
SM00188	IL10	0.999999999991005	-8.99543388557284e-12	4	0	0	20	9131
SM00197	SAA	0.999999999991005	-8.99543388557284e-12	4	0	0	20	9131
SM01053	CaMBD	0.999999999991005	-8.99543388557284e-12	4	0	0	20	9131
SM00540	LEM	0.999999999991005	-8.99543388557284e-12	4	0	0	20	9131
SM00426	TEA	0.999999999991005	-8.99543388557284e-12	4	0	0	20	9131
SM01046	c-SKI_SMAD_bind	0.999999999991005	-8.99543388557284e-12	4	0	0	20	9131
SM00701	PGRP	0.999999999991005	-8.99543388557284e-12	4	0	0	20	9131
SM01007	Aldolase_II	0.999999999991005	-8.99543388557284e-12	4	0	0	20	9131
SM01027	Beta-Casp	0.999999999991005	-8.99543388557284e-12	4	0	0	20	9131
SM00737	ML	0.999999999991005	-8.99543388557284e-12	4	0	0	20	9131
SM00243	GAS2	0.999999999991005	-8.99543388557284e-12	4	0	0	20	9131
SM00664	DoH	0.999999999991005	-8.99543388557284e-12	4	0	0	20	9131
SM00361	RRM_1	0.999999999991005	-8.99543388557284e-12	4	0	0	20	9131
SM00542	FYRC	0.999999999991005	-8.99543388557284e-12	4	0	0	20	9131
SM00753	PAM	0.999999999991005	-8.99543388557284e-12	4	0	0	20	9131
SM00266	CAD	0.999999999991005	-8.99543388557284e-12	4	0	0	20	9131
SM00733	Mterf	0.999999999991005	-8.99543388557284e-12	4	0	0	20	9131
SM00051	DSL	0.999999999991005	-8.99543388557284e-12	4	0	0	20	9131
SM00973	Sec63	0.999999999991005	-8.99543388557284e-12	4	0	0	20	9131
SM00307	ILWEQ	0.999999999991005	-8.99543388557284e-12	4	0	0	20	9131
SM00632	Aamy_C	0.999999999991005	-8.99543388557284e-12	4	0	0	20	9131
SM00644	Ami_2	0.999999999991005	-8.99543388557284e-12	4	0	0	20	9131
SM00359	PUA	0.999999999991005	-8.99543388557284e-12	4	0	0	20	9131
SM00889	EFG_IV	0.999999999991005	-8.99543388557284e-12	4	0	0	20	9131
SM00554	FAS1	0.999999999991005	-8.99543388557284e-12	4	0	0	20	9131
SM00491	HELICc2	0.999999999991005	-8.99543388557284e-12	4	0	0	20	9131
SM00483	POLXc	0.999999999991005	-8.99543388557284e-12	4	0	0	20	9131
SM00678	WWE	0.999999999991005	-8.99543388557284e-12	4	0	0	20	9131
SM00476	DNaseIc	0.999999999991005	-8.99543388557284e-12	4	0	0	20	9131
SM00152	THY	0.999999999991005	-8.99543388557284e-12	4	0	0	20	9131
SM00058	FN1	0.999999999991005	-8.99543388557284e-12	4	0	0	20	9131
SM00103	ALBUMIN	0.999999999991005	-8.99543388557284e-12	4	0	0	20	9131
SM00520	BASIC	0.999999999991005	-8.99543388557284e-12	4	0	0	20	9131
SM00140	NGF	0.999999999991005	-8.99543388557284e-12	4	0	0	20	9131
SM00259	ZnF_A20	0.999999999991005	-8.99543388557284e-12	4	0	0	20	9131
SM00025	Pumilio	0.999999999991005	-8.99543388557284e-12	4	0	0	20	9131
SM00098	alkPPc	0.999999999991005	-8.99543388557284e-12	4	0	0	20	9131
SM00486	POLBc	0.999999999991005	-8.99543388557284e-12	4	0	0	20	9131
SM00711	TDU	0.999999999991005	-8.99543388557284e-12	4	0	0	20	9131
SM00694	DysFC	0.999999999991005	-8.99543388557284e-12	4	0	0	20	9131
SM00206	NTR	0.999999999991005	-8.99543388557284e-12	4	0	0	20	9131
SM00693	DysFN	0.999999999991005	-8.99543388557284e-12	4	0	0	20	9131
SM00442	FGF	0.99999999999103	-8.97027125119675e-12	22	0	0	20	9131
SM00397	t_SNARE	0.99999999999103	-8.97027125119675e-12	22	0	0	20	9131
SM00177	ARF	0.99999999999103	-8.97027125119675e-12	22	0	0	20	9131
SM00292	BRCT	0.99999999999103	-8.97027125119675e-12	22	0	0	20	9131
SM00443	G_patch	0.99999999999103	-8.97027125119675e-12	22	0	0	20	9131
SM00406	IGv	0.99999999999103	-8.97027125119675e-12	22	0	0	20	9131
SM00450	RHOD	0.99999999999103	-8.97027125119675e-12	22	0	0	20	9131
SM00225	BTB	0.999999999991573	-8.42730890540429e-12	178	0	0	20	9131
SM00960	Robl_LC7	0.999999999991873	-8.12746181823305e-12	3	0	0	20	9131
SM00478	ENDO3c	0.999999999991873	-8.12746181823305e-12	3	0	0	20	9131
SM00981	THUMP	0.999999999991873	-8.12746181823305e-12	3	0	0	20	9131
SM00057	FIMAC	0.999999999991873	-8.12746181823305e-12	3	0	0	20	9131
SM00183	NAT_PEP	0.999999999991873	-8.12746181823305e-12	3	0	0	20	9131
SM00299	CLH	0.999999999991873	-8.12746181823305e-12	3	0	0	20	9131
SM00997	AdoHcyase_NAD	0.999999999991873	-8.12746181823305e-12	3	0	0	20	9131
SM00676	DM10	0.999999999991873	-8.12746181823305e-12	3	0	0	20	9131
SM00773	WGR	0.999999999991873	-8.12746181823305e-12	3	0	0	20	9131
SM01022	ASCH	0.999999999991873	-8.12746181823305e-12	3	0	0	20	9131
SM00444	GYF	0.999999999991873	-8.12746181823305e-12	3	0	0	20	9131
SM00588	NEUZ	0.999999999991873	-8.12746181823305e-12	3	0	0	20	9131
SM00706	TECPR	0.999999999991873	-8.12746181823305e-12	3	0	0	20	9131
SM01083	Cir_N	0.999999999991873	-8.12746181823305e-12	3	0	0	20	9131
SM00996	AdoHcyase	0.999999999991873	-8.12746181823305e-12	3	0	0	20	9131
SM00305	HintC	0.999999999991873	-8.12746181823305e-12	3	0	0	20	9131
SM00553	SEP	0.999999999991873	-8.12746181823305e-12	3	0	0	20	9131
SM00300	ChSh	0.999999999991873	-8.12746181823305e-12	3	0	0	20	9131
SM00162	SAPA	0.999999999991873	-8.12746181823305e-12	3	0	0	20	9131
SM00712	PUR	0.999999999991873	-8.12746181823305e-12	3	0	0	20	9131
SM00309	PAH	0.999999999991873	-8.12746181823305e-12	3	0	0	20	9131
SM00736	CADG	0.999999999991873	-8.12746181823305e-12	3	0	0	20	9131
SM00663	RPOLA_N	0.999999999991873	-8.12746181823305e-12	3	0	0	20	9131
SM00143	PI3K_p85B	0.999999999991873	-8.12746181823305e-12	3	0	0	20	9131
SM00851	MGS	0.999999999991873	-8.12746181823305e-12	3	0	0	20	9131
SM00573	HSA	0.999999999991873	-8.12746181823305e-12	3	0	0	20	9131
SM00094	TR_FER	0.999999999991873	-8.12746181823305e-12	3	0	0	20	9131
SM00594	UAS	0.999999999991873	-8.12746181823305e-12	3	0	0	20	9131
SM00735	ZM	0.999999999991873	-8.12746181823305e-12	3	0	0	20	9131
SM00459	Sorb	0.999999999991873	-8.12746181823305e-12	3	0	0	20	9131
SM00751	BSD	0.999999999991873	-8.12746181823305e-12	3	0	0	20	9131
SM00039	CRF	0.999999999991873	-8.12746181823305e-12	3	0	0	20	9131
SM00652	eIF1a	0.999999999991873	-8.12746181823305e-12	3	0	0	20	9131
SM00723	AMOP	0.999999999991873	-8.12746181823305e-12	3	0	0	20	9131
SM00722	CASH	0.999999999991873	-8.12746181823305e-12	3	0	0	20	9131
SM00306	HintN	0.999999999991873	-8.12746181823305e-12	3	0	0	20	9131
SM00672	CAP10	0.999999999991873	-8.12746181823305e-12	3	0	0	20	9131
SM00916	L51_S25_CI-B8	0.999999999991873	-8.12746181823305e-12	3	0	0	20	9131
SM01020	B2-adapt-app_C	0.999999999991873	-8.12746181823305e-12	3	0	0	20	9131
SM00341	HRDC	0.999999999991873	-8.12746181823305e-12	3	0	0	20	9131
SM00002	PLP	0.999999999991873	-8.12746181823305e-12	3	0	0	20	9131
SM00311	PWI	0.999999999991873	-8.12746181823305e-12	3	0	0	20	9131
SM00836	DALR_1	0.999999999991873	-8.12746181823305e-12	3	0	0	20	9131
SM00535	RIBOc	0.999999999991873	-8.12746181823305e-12	3	0	0	20	9131
SM01051	CAMSAP_CKK	0.999999999991873	-8.12746181823305e-12	3	0	0	20	9131
SM00611	SEC63	0.999999999991873	-8.12746181823305e-12	3	0	0	20	9131
SM01073	CDC48_N	0.999999999991873	-8.12746181823305e-12	3	0	0	20	9131
SM00488	DEXDc2	0.999999999991873	-8.12746181823305e-12	3	0	0	20	9131
SM00931	NOSIC	0.999999999991873	-8.12746181823305e-12	3	0	0	20	9131
SM00272	END	0.999999999991873	-8.12746181823305e-12	3	0	0	20	9131
SM00597	ZnF_TTF	0.999999999991873	-8.12746181823305e-12	3	0	0	20	9131
SM00704	ZnF_CDGSH	0.999999999991873	-8.12746181823305e-12	3	0	0	20	9131
SM00396	ZnF_UBR1	0.999999999991873	-8.12746181823305e-12	3	0	0	20	9131
SM00113	CALCITONIN	0.999999999991873	-8.12746181823305e-12	3	0	0	20	9131
SM00321	WSC	0.999999999991873	-8.12746181823305e-12	3	0	0	20	9131
SM00576	BTP	0.999999999991873	-8.12746181823305e-12	3	0	0	20	9131
SM01065	CBM_2	0.999999999991873	-8.12746181823305e-12	3	0	0	20	9131
SM00265	BH4	0.999999999991873	-8.12746181823305e-12	3	0	0	20	9131
SM00919	Malic_M	0.999999999991873	-8.12746181823305e-12	3	0	0	20	9131
SM00482	POLAc	0.999999999991873	-8.12746181823305e-12	3	0	0	20	9131
SM00985	UBA_e1_C	0.999999999991873	-8.12746181823305e-12	3	0	0	20	9131
SM00006	A4_EXTRA	0.999999999991873	-8.12746181823305e-12	3	0	0	20	9131
SM00054	EFh	0.999999999992496	-7.50385551239327e-12	143	0	0	20	9131
SM00431	SCAN	0.999999999993066	-6.93356205103817e-12	53	0	0	20	9131
SM00487	DEXDc	0.999999999993785	-6.21507477421489e-12	109	0	0	20	9131
SM00468	PreSET	0.999999999994022	-5.97811842059498e-12	5	0	0	20	9131
SM00363	S4	0.999999999994022	-5.97811842059498e-12	5	0	0	20	9131
SM00878	Biotin_carb_C	0.999999999994022	-5.97811842059498e-12	5	0	0	20	9131
SM00404	PTPc_motif	0.999999999994022	-5.97811842059498e-12	5	0	0	20	9131
SM00891	ERCC4	0.999999999994022	-5.97811842059498e-12	5	0	0	20	9131
SM00879	Brix	0.999999999994022	-5.97811842059498e-12	5	0	0	20	9131
SM00484	XPGI	0.999999999994022	-5.97811842059498e-12	5	0	0	20	9131
SM00096	UTG	0.999999999994022	-5.97811842059498e-12	5	0	0	20	9131
SM00541	FYRN	0.999999999994022	-5.97811842059498e-12	5	0	0	20	9131
SM00673	CARP	0.999999999994022	-5.97811842059498e-12	5	0	0	20	9131
SM00991	WHEP-TRS	0.999999999994022	-5.97811842059498e-12	5	0	0	20	9131
SM00602	VPS10	0.999999999994022	-5.97811842059498e-12	5	0	0	20	9131
SM00474	35EXOc	0.999999999994022	-5.97811842059498e-12	5	0	0	20	9131
SM00473	PAN_AP	0.999999999994022	-5.97811842059498e-12	5	0	0	20	9131
SM00572	DZF	0.999999999994022	-5.97811842059498e-12	5	0	0	20	9131
SM00580	PUG	0.999999999994022	-5.97811842059498e-12	5	0	0	20	9131
SM00104	ANATO	0.999999999994022	-5.97811842059498e-12	5	0	0	20	9131
SM00642	Aamy	0.999999999994022	-5.97811842059498e-12	5	0	0	20	9131
SM00517	PolyA	0.999999999994022	-5.97811842059498e-12	5	0	0	20	9131
SM00552	ADEAMc	0.999999999994022	-5.97811842059498e-12	5	0	0	20	9131
SM00527	HMG17	0.999999999994022	-5.97811842059498e-12	5	0	0	20	9131
SM00549	TAFH	0.999999999994022	-5.97811842059498e-12	5	0	0	20	9131
SM00533	MUTSd	0.999999999994022	-5.97811842059498e-12	5	0	0	20	9131
SM00679	CTNS	0.999999999994022	-5.97811842059498e-12	5	0	0	20	9131
SM00750	KIND	0.999999999994022	-5.97811842059498e-12	5	0	0	20	9131
SM00021	DAX	0.999999999994022	-5.97811842059498e-12	5	0	0	20	9131
SM00603	LCCL	0.999999999994022	-5.97811842059498e-12	5	0	0	20	9131
SM00614	ZnF_BED	0.999999999994022	-5.97811842059498e-12	5	0	0	20	9131
SM00279	HhH2	0.999999999994022	-5.97811842059498e-12	5	0	0	20	9131
SM00570	AWS	0.999999999994022	-5.97811842059498e-12	5	0	0	20	9131
SM00872	Alpha-mann_mid	0.999999999994022	-5.97811842059498e-12	5	0	0	20	9131
SM00765	MANEC	0.999999999994022	-5.97811842059498e-12	5	0	0	20	9131
SM00539	NIDO	0.999999999994022	-5.97811842059498e-12	5	0	0	20	9131
SM00510	TFS2M	0.999999999994022	-5.97811842059498e-12	5	0	0	20	9131
SM00734	ZnF_Rad18	0.999999999994022	-5.97811842059498e-12	5	0	0	20	9131
SM00584	TLDc	0.999999999994022	-5.97811842059498e-12	5	0	0	20	9131
SM01015	Arfaptin	0.999999999994022	-5.97811842059498e-12	5	0	0	20	9131
SM01041	BRO1	0.999999999994022	-5.97811842059498e-12	5	0	0	20	9131
SM00592	BRK	0.999999999994022	-5.97811842059498e-12	5	0	0	20	9131
SM00833	CobW_C	0.999999999994022	-5.97811842059498e-12	5	0	0	20	9131
SM00485	XPGN	0.999999999994022	-5.97811842059498e-12	5	0	0	20	9131
SM00264	BAG	0.999999999994022	-5.97811842059498e-12	5	0	0	20	9131
SM00534	MUTSac	0.999999999994022	-5.97811842059498e-12	5	0	0	20	9131
SM00571	DDT	0.999999999994022	-5.97811842059498e-12	5	0	0	20	9131
SM00349	KRAB	0.999999999994084	-5.91621535079303e-12	365	0	0	20	9131
SM00726	UIM	0.999999999994503	-5.49671679358404e-12	21	0	0	20	9131
SM00049	DEP	0.999999999994503	-5.49671679358404e-12	21	0	0	20	9131
SM00231	FA58C	0.999999999994503	-5.49671679358404e-12	21	0	0	20	9131
SM00041	CT	0.999999999994503	-5.49671679358404e-12	21	0	0	20	9131
SM00864	Tubulin	0.999999999994503	-5.49671679358404e-12	21	0	0	20	9131
SM00050	DISIN	0.999999999994503	-5.49671679358404e-12	21	0	0	20	9131
SM00320	WD40	0.999999999995304	-4.69596808754685e-12	267	0	0	20	9131
SM00589	PRY	0.999999999996102	-3.89838260296327e-12	49	0	0	20	9131
SM00717	SANT	0.999999999996102	-3.89838260296327e-12	49	0	0	20	9131
SM00271	DnaJ	0.999999999996102	-3.89838260296327e-12	49	0	0	20	9131
SM00164	TBC	0.999999999996102	-3.89838260296327e-12	49	0	0	20	9131
SM00078	IlGF	0.999999999996575	-3.4246666764208e-12	11	0	0	20	9131
SM00244	PHB	0.999999999996575	-3.4246666764208e-12	11	0	0	20	9131
SM00274	FOLN	0.999999999996575	-3.4246666764208e-12	11	0	0	20	9131
SM00310	PTBI	0.999999999996575	-3.4246666764208e-12	11	0	0	20	9131
SM00251	SAM_PNT	0.999999999996575	-3.4246666764208e-12	11	0	0	20	9131
SM00439	BAH	0.999999999996575	-3.4246666764208e-12	11	0	0	20	9131
SM00038	COLFI	0.999999999996575	-3.4246666764208e-12	11	0	0	20	9131
SM00460	TGc	0.999999999996575	-3.4246666764208e-12	11	0	0	20	9131
SM00744	RINGv	0.999999999996575	-3.4246666764208e-12	11	0	0	20	9131
SM00446	LRRcap	0.999999999996575	-3.4246666764208e-12	11	0	0	20	9131
SM00591	RWD	0.999999999996575	-3.4246666764208e-12	11	0	0	20	9131
SM00199	SCY	0.999999999997052	-2.94797337270131e-12	43	0	0	20	9131
SM00297	BROMO	0.999999999997052	-2.94797337270131e-12	43	0	0	20	9131
SM00312	PX	0.999999999997052	-2.94797337270131e-12	43	0	0	20	9131
SM00356	ZnF_C3H1	0.999999999997294	-2.70553388128009e-12	44	0	0	20	9131
SM00129	KISc	0.999999999997294	-2.70553388128009e-12	44	0	0	20	9131
SM00213	UBQ	0.999999999997294	-2.70553388128009e-12	44	0	0	20	9131
SM00802	UME	0.999999999998184	-1.81574460328404e-12	1	0	0	20	9131
SM00743	Agenet	0.999999999998184	-1.81574460328404e-12	1	0	0	20	9131
SM01031	BHD_2	0.999999999998184	-1.81574460328404e-12	1	0	0	20	9131
SM00929	NADH-G_4Fe-4S_3	0.999999999998184	-1.81574460328404e-12	1	0	0	20	9131
SM00550	Zalpha	0.999999999998184	-1.81574460328404e-12	1	0	0	20	9131
SM00941	PYNP_C	0.999999999998184	-1.81574460328404e-12	1	0	0	20	9131
SM01082	CHZ	0.999999999998184	-1.81574460328404e-12	1	0	0	20	9131
SM00928	NADH_4Fe-4S	0.999999999998184	-1.81574460328404e-12	1	0	0	20	9131
SM00071	Galanin	0.999999999998184	-1.81574460328404e-12	1	0	0	20	9131
SM00904	Flavokinase	0.999999999998184	-1.81574460328404e-12	1	0	0	20	9131
SM00738	NGN	0.999999999998184	-1.81574460328404e-12	1	0	0	20	9131
SM01071	CDC37_N	0.999999999998184	-1.81574460328404e-12	1	0	0	20	9131
SM00990	VRR_NUC	0.999999999998184	-1.81574460328404e-12	1	0	0	20	9131
SM00254	ShKT	0.999999999998184	-1.81574460328404e-12	1	0	0	20	9131
SM00934	OMPdecase	0.999999999998184	-1.81574460328404e-12	1	0	0	20	9131
SM00995	AD	0.999999999998184	-1.81574460328404e-12	1	0	0	20	9131
SM00870	Asparaginase	0.999999999998184	-1.81574460328404e-12	1	0	0	20	9131
SM01032	BHD_3	0.999999999998184	-1.81574460328404e-12	1	0	0	20	9131
SM01077	Cg6151-P	0.999999999998184	-1.81574460328404e-12	1	0	0	20	9131
SM00530	HTH_XRE	0.999999999998184	-1.81574460328404e-12	1	0	0	20	9131
SM01001	AIRC	0.999999999998184	-1.81574460328404e-12	1	0	0	20	9131
SM01030	BHD_1	0.999999999998184	-1.81574460328404e-12	1	0	0	20	9131
SM00127	IL7	0.999999999998184	-1.81574460328404e-12	1	0	0	20	9131
SM00521	CBF	0.999999999998184	-1.81574460328404e-12	1	0	0	20	9131
SM00189	IL2	0.999999999998184	-1.81574460328404e-12	1	0	0	20	9131
SM00983	TPK_B1_binding	0.999999999998184	-1.81574460328404e-12	1	0	0	20	9131
SM00752	HTTM	0.999999999998184	-1.81574460328404e-12	1	0	0	20	9131
SM01102	CRM1_C	0.999999999998184	-1.81574460328404e-12	1	0	0	20	9131
SM00898	Fapy_DNA_glyco	0.999999999998184	-1.81574460328404e-12	1	0	0	20	9131
SM00567	EZ_HEAT	0.999999999998184	-1.81574460328404e-12	1	0	0	20	9131
SM00538	POP4	0.999999999998184	-1.81574460328404e-12	1	0	0	20	9131
SM01044	Btz	0.999999999998184	-1.81574460328404e-12	1	0	0	20	9131
SM01013	APC2	0.999999999998184	-1.81574460328404e-12	1	0	0	20	9131
SM00762	Cog4	0.999999999998184	-1.81574460328404e-12	1	0	0	20	9131
SM00932	Nfu_N	0.999999999998184	-1.81574460328404e-12	1	0	0	20	9131
SM01016	Arg_tRNA_synt_N	0.999999999998184	-1.81574460328404e-12	1	0	0	20	9131
SM00845	GatB_Yqey	0.999999999998184	-1.81574460328404e-12	1	0	0	20	9131
SM00946	ProRS-C_1	0.999999999998184	-1.81574460328404e-12	1	0	0	20	9131
SM00084	NMU	0.999999999998184	-1.81574460328404e-12	1	0	0	20	9131
SM00654	eIF6	0.999999999998184	-1.81574460328404e-12	1	0	0	20	9131
SM00277	GRAN	0.999999999998184	-1.81574460328404e-12	1	0	0	20	9131
SM00874	B5	0.999999999998184	-1.81574460328404e-12	1	0	0	20	9131
SM00798	AICARFT_IMPCHas	0.999999999998184	-1.81574460328404e-12	1	0	0	20	9131
SM01004	ALAD	0.999999999998184	-1.81574460328404e-12	1	0	0	20	9131
SM00019	SF_P	0.999999999998184	-1.81574460328404e-12	1	0	0	20	9131
SM01033	BING4CT	0.999999999998184	-1.81574460328404e-12	1	0	0	20	9131
SM01075	CDT1	0.999999999998184	-1.81574460328404e-12	1	0	0	20	9131
SM00910	HIRAN	0.999999999998184	-1.81574460328404e-12	1	0	0	20	9131
SM00780	PIG-X	0.999999999998184	-1.81574460328404e-12	1	0	0	20	9131
SM01085	CK_II_beta	0.999999999998184	-1.81574460328404e-12	1	0	0	20	9131
SM00203	TK	0.999999999998184	-1.81574460328404e-12	1	0	0	20	9131
SM00613	PAW	0.999999999998184	-1.81574460328404e-12	1	0	0	20	9131
SM00976	Telo_bind	0.999999999998184	-1.81574460328404e-12	1	0	0	20	9131
SM01035	BOP1NT	0.999999999998184	-1.81574460328404e-12	1	0	0	20	9131
SM00226	LMWPc	0.999999999998184	-1.81574460328404e-12	1	0	0	20	9131
SM00507	HNHc	0.999999999998184	-1.81574460328404e-12	1	0	0	20	9131
SM00709	Zpr1	0.999999999998184	-1.81574460328404e-12	1	0	0	20	9131
SM01060	Catalase	0.999999999998184	-1.81574460328404e-12	1	0	0	20	9131
SM00881	CoA_binding	0.999999999998184	-1.81574460328404e-12	1	0	0	20	9131
SM00817	Amelin	0.999999999998184	-1.81574460328404e-12	1	0	0	20	9131
SM00944	Pro-kuma_activ	0.999999999998184	-1.81574460328404e-12	1	0	0	20	9131
SM00017	OSTEO	0.999999999998184	-1.81574460328404e-12	1	0	0	20	9131
SM00040	CSF2	0.999999999998184	-1.81574460328404e-12	1	0	0	20	9131
SM01036	BP28CT	0.999999999998184	-1.81574460328404e-12	1	0	0	20	9131
SM01069	CDC37_C	0.999999999998184	-1.81574460328404e-12	1	0	0	20	9131
SM00719	Plus3	0.999999999998184	-1.81574460328404e-12	1	0	0	20	9131
SM00318	SNc	0.999999999998184	-1.81574460328404e-12	1	0	0	20	9131
SM00975	Telomerase_RBD	0.999999999998184	-1.81574460328404e-12	1	0	0	20	9131
SM00575	ZnF_PMZ	0.999999999998184	-1.81574460328404e-12	1	0	0	20	9131
SM01087	COG6	0.999999999998184	-1.81574460328404e-12	1	0	0	20	9131
SM00095	TR_THY	0.999999999998184	-1.81574460328404e-12	1	0	0	20	9131
SM00998	ADSL_C	0.999999999998184	-1.81574460328404e-12	1	0	0	20	9131
SM00748	HEPN	0.999999999998184	-1.81574460328404e-12	1	0	0	20	9131
SM01098	CPSF73-100_C	0.999999999998184	-1.81574460328404e-12	1	0	0	20	9131
SM00754	CHRD	0.999999999998184	-1.81574460328404e-12	1	0	0	20	9131
SM00067	GHA	0.999999999998184	-1.81574460328404e-12	1	0	0	20	9131
SM00023	COLIPASE	0.999999999998184	-1.81574460328404e-12	1	0	0	20	9131
SM00289	WR1	0.999999999998184	-1.81574460328404e-12	1	0	0	20	9131
SM00531	TFIIE	0.999999999998184	-1.81574460328404e-12	1	0	0	20	9131
SM00157	PRP	0.999999999998184	-1.81574460328404e-12	1	0	0	20	9131
SM00984	UDPG_MGDP_dh_C	0.999999999998184	-1.81574460328404e-12	1	0	0	20	9131
SM00658	RPOL8c	0.999999999998184	-1.81574460328404e-12	1	0	0	20	9131
SM01024	BCS1_N	0.999999999998184	-1.81574460328404e-12	1	0	0	20	9131
SM00883	Cpn10	0.999999999998184	-1.81574460328404e-12	1	0	0	20	9131
SM00659	RPOLCX	0.999999999998184	-1.81574460328404e-12	1	0	0	20	9131
SM01018	B12-binding_2	0.999999999998184	-1.81574460328404e-12	1	0	0	20	9131
SM00922	MR_MLE	0.999999999998184	-1.81574460328404e-12	1	0	0	20	9131
SM00805	AGTRAP	0.999999999998184	-1.81574460328404e-12	1	0	0	20	9131
SM00245	TSPc	0.999999999998184	-1.81574460328404e-12	1	0	0	20	9131
SM00858	SAF	0.999999999998184	-1.81574460328404e-12	1	0	0	20	9131
SM00784	SPT2	0.999999999998184	-1.81574460328404e-12	1	0	0	20	9131
SM00822	PKS_KR	0.999999999998184	-1.81574460328404e-12	1	0	0	20	9131
SM00407	IGc1	0.99999999999866	-1.33958051311691e-12	40	0	0	20	9131
SM00332	PP2Cc	0.999999999998691	-1.30872437860486e-12	20	0	0	20	9131
SM00865	Tubulin_C	0.999999999998691	-1.30872437860486e-12	20	0	0	20	9131
SM00037	CNX	0.999999999998691	-1.30872437860486e-12	20	0	0	20	9131
SM00055	FCH	0.999999999998691	-1.30872437860486e-12	20	0	0	20	9131
SM01089	Connexin_CCC	0.999999999998691	-1.30872437860486e-12	20	0	0	20	9131
SM00229	RasGEFN	0.999999999998691	-1.30872437860486e-12	20	0	0	20	9131
SM00202	SR	0.999999999998825	-1.17471960075479e-12	23	0	0	20	9131
SM00210	TSPN	0.999999999998825	-1.17471960075479e-12	23	0	0	20	9131
SM00547	ZnF_RBZ	0.999999999998825	-1.17471960075479e-12	23	0	0	20	9131
SM00513	SAP	0.999999999998825	-1.17471960075479e-12	23	0	0	20	9131
SM00008	HormR	0.999999999998825	-1.17471960075479e-12	23	0	0	20	9131
SM00875	BACK	1.00000000000009	8.68863328859814e-14	59	0	0	20	9131
SM00449	SPRY	1.00000000000009	8.68863328859814e-14	59	0	0	20	9131
SM00343	ZnF_C2HC	1.00000000000014	1.44786284806874e-13	41	0	0	20	9131
SM00028	TPR	1.00000000000222	2.21822132632364e-12	93	0	0	20	9131
SM00015	IQ	1.00000000000279	2.79434723359218e-12	85	0	0	20	9131
SM00360	RRM	1.00000000000319	3.18915293874381e-12	215	0	0	20	9131
SM00908	Gal-bind_lectin	1.00000000000419	4.18824899777264e-12	15	0	0	20	9131
SM00800	uDENN	1.00000000000419	4.18824899777264e-12	15	0	0	20	9131
SM00230	CysPc	1.00000000000419	4.18824899777264e-12	15	0	0	20	9131
SM00137	MAM	1.00000000000419	4.18824899777264e-12	15	0	0	20	9131
SM00849	Lactamase_B	1.00000000000419	4.18824899777264e-12	15	0	0	20	9131
SM00276	GLECT	1.00000000000419	4.18824899777264e-12	15	0	0	20	9131
SM00698	MORN	1.00000000000419	4.18824899777264e-12	15	0	0	20	9131
SM00331	PP2C_SIG	1.00000000000419	4.18824899777264e-12	15	0	0	20	9131
SM00134	LU	1.00000000000419	4.18824899777264e-12	15	0	0	20	9131
SM00116	CBS	1.00000000000419	4.18824899777264e-12	15	0	0	20	9131
SM00308	LH2	1.00000000000419	4.18824899777264e-12	15	0	0	20	9131
SM00135	LY	1.00000000000419	4.18824899777264e-12	15	0	0	20	9131
SM00149	PLCYc	1.00000000000419	4.18824899777264e-12	15	0	0	20	9131
SM00498	FH2	1.00000000000419	4.18824899777264e-12	15	0	0	20	9131
SM00198	SCP	1.00000000000419	4.18824899777264e-12	15	0	0	20	9131
SM00247	XTALbg	1.00000000000419	4.18824899777264e-12	15	0	0	20	9131
SM00148	PLCXc	1.00000000000419	4.18824899777264e-12	15	0	0	20	9131
SM00217	WAP	1.00000000000419	4.18824899777264e-12	15	0	0	20	9131
SM00253	SOCS	1.00000000000419	4.18824899777264e-12	15	0	0	20	9131
SM00501	BRIGHT	1.00000000000419	4.18824899777264e-12	15	0	0	20	9131
SM00324	RhoGAP	1.00000000000428	4.2788938346521e-12	64	0	0	20	9131
SM00175	RAB	1.00000000000428	4.2788938346521e-12	64	0	0	20	9131
SM00330	PIPKc	1.00000000000495	4.94638148279444e-12	7	0	0	20	9131
SM00290	ZnF_UBP	1.00000000000495	4.94638148279444e-12	7	0	0	20	9131
SM00715	LA	1.00000000000495	4.94638148279444e-12	7	0	0	20	9131
SM00004	NL	1.00000000000495	4.94638148279444e-12	7	0	0	20	9131
SM00707	RPEL	1.00000000000495	4.94638148279444e-12	7	0	0	20	9131
SM00848	Inhibitor_I29	1.00000000000495	4.94638148279444e-12	7	0	0	20	9131
SM00144	PI3K_rbd	1.00000000000495	4.94638148279444e-12	7	0	0	20	9131
SM00729	Elp3	1.00000000000495	4.94638148279444e-12	7	0	0	20	9131
SM00467	GS	1.00000000000495	4.94638148279444e-12	7	0	0	20	9131
SM00077	ITAM	1.00000000000495	4.94638148279444e-12	7	0	0	20	9131
SM00504	Ubox	1.00000000000495	4.94638148279444e-12	7	0	0	20	9131
SM00636	Glyco_18	1.00000000000495	4.94638148279444e-12	7	0	0	20	9131
SM00730	PSN	1.00000000000495	4.94638148279444e-12	7	0	0	20	9131
SM00053	DYNc	1.00000000000495	4.94638148279444e-12	7	0	0	20	9131
SM00964	STAT_int	1.00000000000495	4.94638148279444e-12	7	0	0	20	9131
SM00884	Cullin_Nedd8	1.00000000000495	4.94638148279444e-12	7	0	0	20	9131
SM00742	Hr1	1.00000000000495	4.94638148279444e-12	7	0	0	20	9131
SM00515	eIF5C	1.00000000000495	4.94638148279444e-12	7	0	0	20	9131
SM00182	CULLIN	1.00000000000495	4.94638148279444e-12	7	0	0	20	9131
SM00250	PLEC	1.00000000000495	4.94638148279444e-12	7	0	0	20	9131
SM00031	DED	1.00000000000495	4.94638148279444e-12	7	0	0	20	9131
SM00301	DM	1.00000000000495	4.94638148279444e-12	7	0	0	20	9131
SM00278	HhH1	1.00000000000495	4.94638148279444e-12	7	0	0	20	9131
SM00048	DEFSN	1.00000000000495	4.94638148279444e-12	7	0	0	20	9131
SM00390	GoLoco	1.00000000000495	4.94638148279444e-12	7	0	0	20	9131
SM00101	14_3_3	1.00000000000495	4.94638148279444e-12	7	0	0	20	9131
SM00546	CUE	1.00000000000495	4.94638148279444e-12	7	0	0	20	9131
SM01062	Ca_chan_IQ	1.00000000000495	4.94638148279444e-12	7	0	0	20	9131
SM00537	DCX	1.00000000000495	4.94638148279444e-12	7	0	0	20	9131
SM01055	Cadherin_pro	1.00000000000495	4.94638148279444e-12	7	0	0	20	9131
SM00281	LamB	1.00000000000495	4.94638148279444e-12	7	0	0	20	9131
SM00455	RBD	1.00000000000495	4.94638148279444e-12	7	0	0	20	9131
SM00739	KOW	1.00000000000495	4.94638148279444e-12	7	0	0	20	9131
SM00154	ZnF_AN1	1.00000000000495	4.94638148279444e-12	7	0	0	20	9131
SM00509	TFS2N	1.00000000000495	4.94638148279444e-12	7	0	0	20	9131
SM00195	DSPc	1.00000000000537	5.37233531578697e-12	29	0	0	20	9131
SM00064	FYVE	1.00000000000537	5.37233531578697e-12	29	0	0	20	9131
SM00413	ETS	1.00000000000537	5.37233531578697e-12	29	0	0	20	9131
SM00185	ARM	1.00000000000537	5.37233531578697e-12	29	0	0	20	9131
SM00186	FBG	1.00000000000537	5.37233531578697e-12	29	0	0	20	9131
SM00630	Sema	1.00000000000578	5.77934153093339e-12	30	0	0	20	9131
SM00165	UBA	1.00000000000578	5.77934153093339e-12	30	0	0	20	9131
SM00248	ANK	1.00000000000634	6.33985352309005e-12	246	0	0	20	9131
SM00133	S_TK_X	1.00000000000779	7.78600101551055e-12	55	0	0	20	9131
SM00612	Kelch	1.00000000000779	7.78600101551055e-12	55	0	0	20	9131
SM00208	TNFR	1.00000000000804	8.04178528352425e-12	26	0	0	20	9131
SM00086	PAC	1.00000000000804	8.04178528352425e-12	26	0	0	20	9131
SM00005	DEATH	1.00000000000804	8.04178528352425e-12	26	0	0	20	9131
SM00072	GuKc	1.00000000000804	8.04178528352425e-12	26	0	0	20	9131
SM00232	JAB_MPN	1.00000000000828	8.28112298333761e-12	12	0	0	20	9131
SM00160	RanBD	1.00000000000828	8.28112298333761e-12	12	0	0	20	9131
SM00692	DM3	1.00000000000828	8.28112298333761e-12	12	0	0	20	9131
SM00720	calpain_III	1.00000000000828	8.28112298333761e-12	12	0	0	20	9131
SM00980	THAP	1.00000000000828	8.28112298333761e-12	12	0	0	20	9131
SM00674	CENPB	1.00000000000828	8.28112298333761e-12	12	0	0	20	9131
SM00234	START	1.00000000000828	8.28112298333761e-12	12	0	0	20	9131
SM00479	EXOIII	1.00000000000828	8.28112298333761e-12	12	0	0	20	9131
SM00316	S1	1.00000000000828	8.28112298333761e-12	12	0	0	20	9131
SM00457	MACPF	1.00000000000828	8.28112298333761e-12	12	0	0	20	9131
SM00401	ZnF_GATA	1.00000000000828	8.28112298333761e-12	12	0	0	20	9131
SM00166	UBX	1.00000000000828	8.28112298333761e-12	12	0	0	20	9131
SM01100	CRAL_TRIO_N	1.00000000000828	8.28112298333761e-12	12	0	0	20	9131
SM00523	DWA	1.00000000000828	8.28112298333761e-12	12	0	0	20	9131
SM00061	MATH	1.00000000000828	8.28112298333761e-12	12	0	0	20	9131
SM00385	CYCLIN	1.00000000000847	8.47471336651525e-12	37	0	0	20	9131
SM00204	TGFB	1.00000000000847	8.47471336651525e-12	37	0	0	20	9131
SM00100	cNMP	1.00000000000877	8.77224745168487e-12	34	0	0	20	9131
SM00315	RGS	1.00000000000877	8.77224745168487e-12	34	0	0	20	9131
SM00063	FRI	1.00000000000918	9.18041675961169e-12	19	0	0	20	9131
SM00414	H2A	1.00000000000918	9.18041675961169e-12	19	0	0	20	9131
SM00608	ACR	1.00000000000918	9.18041675961169e-12	19	0	0	20	9131
SM00291	ZnF_ZZ	1.00000000000918	9.18041675961169e-12	19	0	0	20	9131
SM00191	Int_alpha	1.00000000000918	9.18041675961169e-12	19	0	0	20	9131
SM00358	DSRM	1.00000000000918	9.18041675961169e-12	19	0	0	20	9131
SM00832	C8	1.00000000001	9.99636265478983e-12	14	0	0	20	9131
SM00069	GLA	1.00000000001	9.99636265478983e-12	14	0	0	20	9131
SM00285	PBD	1.00000000001	9.99636265478983e-12	14	0	0	20	9131
SM00241	ZP	1.00000000001	9.99636265478983e-12	14	0	0	20	9131
SM00666	PB1	1.00000000001	9.99636265478983e-12	14	0	0	20	9131
SM00200	SEA	1.00000000001	9.99636265478983e-12	14	0	0	20	9131
SM00615	EPH_lbd	1.00000000001	9.99636265478983e-12	14	0	0	20	9131
SM00246	WH2	1.00000000001	9.99636265478983e-12	14	0	0	20	9131
SM00323	RasGAP	1.00000000001	9.99636265478983e-12	14	0	0	20	9131
SM00643	C345C	1.00000000001	9.99636265478983e-12	14	0	0	20	9131
SM00046	DAGKc	1.00000000001	9.99636265478983e-12	14	0	0	20	9131
SM00294	4.1m	1.00000000001	9.99636265478983e-12	14	0	0	20	9131
SM00647	IBR	1.00000000001	9.99636265478983e-12	14	0	0	20	9131
SM00502	BBC	1.00000000001	9.99636265478983e-12	14	0	0	20	9131
SM00252	SH2	1.00000000001098	1.09845479902074e-11	112	0	0	20	9131
SM00558	JmjC	1.00000000001174	1.17360669386677e-11	32	0	0	20	9131
SM00303	GPS	1.00000000001174	1.17360669386677e-11	32	0	0	20	9131
SM00150	SPEC	1.00000000001174	1.17360669386677e-11	32	0	0	20	9131
SM00091	PAS	1.00000000001174	1.17360669386677e-11	32	0	0	20	9131
SM00233	PH	1.00000000001211	1.21076206756036e-11	278	0	0	20	9131
SM00516	SEC14	1.00000000001226	1.22624416089047e-11	25	0	0	20	9131
SM00451	ZnF_U1	1.00000000001226	1.22624416089047e-11	25	0	0	20	9131
SM00333	TUDOR	1.00000000001226	1.22624416089047e-11	25	0	0	20	9131
SM00194	PTPc	1.00000000001229	1.22849846144702e-11	36	0	0	20	9131
SM00093	SERPIN	1.00000000001229	1.22849846144702e-11	36	0	0	20	9131
SM00398	HMG	1.00000000001349	1.34856491285383e-11	51	0	0	20	9131
SM00295	B41	1.00000000001349	1.34856491285383e-11	51	0	0	20	9131
SM00207	TNF	1.00000000001682	1.68154623551354e-11	18	0	0	20	9131
SM00121	IB	1.00000000001682	1.68154623551354e-11	18	0	0	20	9131
SM00831	Cation_ATPase_N	1.00000000001682	1.68154623551354e-11	18	0	0	20	9131
SM00261	FU	1.00000000001682	1.68154623551354e-11	18	0	0	20	9131
SM00387	HATPase_c	1.00000000001682	1.68154623551354e-11	18	0	0	20	9131
SM00044	CYCc	1.00000000001682	1.68154623551354e-11	18	0	0	20	9131
SM00079	PBPe	1.00000000001682	1.68154623551354e-11	18	0	0	20	9131
SM00847	HA2	1.00000000001682	1.68154623551354e-11	18	0	0	20	9131
SM00014	acidPPc	1.00000000001682	1.68154623551354e-11	18	0	0	20	9131
SM00918	Lig_chan-Glu_bd	1.00000000001682	1.68154623551354e-11	18	0	0	20	9131
SM00353	HLH	1.00000000001957	1.9572176991052e-11	114	0	0	20	9131
SM00033	CH	1.00000000002208	2.207889587441e-11	66	0	0	20	9131
SM00325	RhoGEF	1.00000000002208	2.207889587441e-11	66	0	0	20	9131
SM00105	ArfGap	1.00000000002227	2.22742553769902e-11	28	0	0	20	9131
SM00240	FHA	1.00000000002227	2.22742553769902e-11	28	0	0	20	9131
SM00667	LisH	1.00000000002227	2.22742553769902e-11	28	0	0	20	9131
SM00147	RasGEF	1.00000000002227	2.22742553769902e-11	28	0	0	20	9131
SM00526	H15	1.00000000002327	2.32729096685875e-11	13	0	0	20	9131
SM00569	L27	1.00000000002327	2.32729096685875e-11	13	0	0	20	9131
SM00721	BAR	1.00000000002327	2.32729096685875e-11	13	0	0	20	9131
SM00059	FN2	1.00000000002327	2.32729096685875e-11	13	0	0	20	9131
SM00284	OLF	1.00000000002327	2.32729096685875e-11	13	0	0	20	9131
SM00335	ANX	1.00000000002327	2.32729096685875e-11	13	0	0	20	9131
SM00645	Pept_C1	1.00000000002327	2.32729096685875e-11	13	0	0	20	9131
SM00115	CASc	1.00000000002327	2.32729096685875e-11	13	0	0	20	9131
SM00156	PP2Ac	1.00000000002327	2.32729096685875e-11	13	0	0	20	9131
SM00409	IG	1.0000000000245	2.45047973461932e-11	340	0	0	20	9131
