7105
2729
22875
3927
90293
56603
6542
84254
10165
64063
292
55013
80256
5577
30812
3920
221
7005
29116
1534
10157
55200
4784
23221
83930
928
51533
56920
9902
9066
5329
54443
57146
23324
64132
63932
56981
57586
864
1992
50619
51177
2730
55635
11119
55591
2896
2530
7077
5874
84883
23338
5256
116984
6322
9734
55040
5954
3074
9603
9564
5652
23224
10079
55540
5318
57458
9877
64718
64761
5128
10076
11178
1001
63916
57491
10838
9914
5476
6558
10362
4942
2065
5588
84679
259266
2263
4756
2182
65055
57217
10235
27248
375449
10681
4925
6710
23446
55062
26031
490
11320
6196
22846
29995
28951
79901
5566
224
64398
3161
8974
54820
56666
3993
5523
59277
9891
55160
10371
285527
284403
5939
32
55796
57662
827
79960
203427
7319
2192
4133
27074
83737
6507
5236
8671
6595
6932
9262
93664
23239
5205
55437
56256
4779
79977
3034
54434
2950
1307
3732
2122
29957
5243
55624
54749
7022
6790
6820
80307
51161
26074
10961
53827
5349
78990
55214
1947
54918
3655
5720
1299
1808
51430
54566
7093
10580
28978
3710
5125
23555
5902
56241
5625
157
23616
11078
6305
25777
11252
164668
23492
51199
51804
4792
5721
10484
57167
655
28231
140862
10139
10398
6640
10627
23253
1478
5716
115201
10857
55916
79868
5634
9949
215
5358
6102
27286
94121
2491
1821
2717
51566
688
5611
28984
57149
4324
83716
4682
55313
79838
2184
23359
90427
23678
760
54928
64089
3783
4924
147700
79816
9466
27134
1954
10945
22900
51477
9512
3696
23288
3315
3268
113263
95681
27075
196
6009
51422
7461
3984
54981
23731
7464
7046
23586
169792
20
7763
22841
27143
219699
64115
101929777
1362
3959
9120
23531
2549
23321
9693
51274
1075
91057
23220
10114
4192
9049
23086
4891
57460
10988
4048
2004
2305
217
1027
6337
4940
397
2026
1303
29940
11329
51715
11149
202
57221
4188
5754
411
28965
2908
3977
604
27031
51421
80321
55186
23150
5361
50512
26084
6508
1058
29959
64135
25801
2591
84141
3485
6549
6382
390
66008
51449
2034
6697
2043
55103
9917
3065
55223
26232
3953
1491
10745
252839
64960
51440
57568
9783
5129
1889
1380
9048
10103
11123
4751
6195
57488
23184
9928
83479
8828
8609
9324
6446
81847
1490
103910
9429
11278
687
80212
9991
79695
10577
64207
4053
57718
3416
3437
60370
2805
29126
84918
7181
1846
576
55791
29899
7291
9559
1031
11228
79365
11059
5585
540
3164
55355
9643
139231
79809
130399
9926
57826
79586
6385
8202
84969
400961
10396
79983
27076
5269
860
55715
65109
7737
23157
6662
9953
8744
970
9322
2354
6238
23767
631
83658
7067
2002
9787
83543
3188
1678
8910
53947
2571
60559
23639
1032
5655
25938
64097
1028
6303
23677
158747
5819
148229
376497
9518
140893
27237
9473
4354
22927
6451
2161
80762
55107
3597
54521
64087
6737
23167
63979
4147
22903
64900
51526
10810
5287
79710
84707
79589
54885
79921
90956
23075
51669
4017
6272
5738
29841
129607
3572
3601
4038
51765
192670
51361
25941
2113
26578
1514
29969
2001
79056
10220
2583
9700
7006
10322
2016
27345
2799
54583
65080
5270
51719
50649
10970
26586
9882
4008
64759
57538
6326
274
9394
5082
1515
4856
63971
7020
10817
55227
3159
8870
57176
85462
54843
5547
8836
56649
51203
9493
3706
53905
145783
8412
140766
580
6775
3417
3685
55329
26035
83478
51191
8654
55589
80144
950
57619
306
1062
9061
64116
5998
83606
23710
144165
22822
144193
79774
122786
57161
376267
10516
2958
92912
79661
3480
80119
1543
5045
85407
84166
29948
58488
10140
22901
7157
6398
1291
1292
207
114783
79180
10733
9064
3339
3491
64129
5792
3321
1952
23432
481
81607
83540
1382
11221
22874
284958
6574
151126
54977
10217
26018
64332
91775
7220
286676
56034
170690
10769
5295
10184
2041
357
30011
1730
55086
84443
80005
8601
6867
28957
55638
114569
4781
53358
401548
6837
120
1979
5795
143686
23052
79780
89944
64405
11098
85458
3606
7068
2059
1909
4306
130271
79925
133686
7402
5352
55024
831
60592
4929
112616
64795
162282
8526
4900
89780
388650
27295
124739
113612
150696
118788
9601
8324
5922
1633
7074
5097
135228
80223
9372
3084
261729
9133
145773
139221
1831
90139
84187
114991
56896
127281
7498
55113
199221
11013
22808
8450
286527
9542
55567
8407
978
65018
57685
10481
29
55108
9619
54020
80228
11282
126433
58191
9965
8613
5563
205
54751
51375
284611
93185
79961
9261
130814
132671
7855
250
476
1999
56648
25976
54502
151636
50650
4241
55314
51313
729830
51752
64167
9263
9232
26872
55536
94120
619279
256979
55074
2852
1345
8323
115908
11168
6850
19
117531
203286
155368
57526
219654
283209
51339
5979
57608
55701
259217
144455
120071
79789
8879
1528
84460
440026
27018
63901
4824
5090
399665
51704
64127
4645
55762
29946
558
10501
63826
25818
5653
3489
2495
51435
55872
114990
8309
3660
84879
6890
80346
649
256309
347735
255743
2915
221749
5650
25849
5865
8706
84168
699
201255
10555
9079
9185
25924
214
123606
9121
2172
10491
983
2353
160518
57228
9229
3790
79145
11162
112464
26108
5569
9655
29071
81603
81831
2548
5734
598
5293
55092
57834
83660
7857
794
6641
10125
167227
5017
5916
54961
203054
81839
1605
27333
3212
253512
170261
26047
7368
8322
11065
200197
10106
9134
79836
145270
2118
375757
340481
379
126792
55057
7525
9699
9920
8851
344148
54621
2902
64787
7050
10009
158056
259173
54762
767
115207
2517
5886
2624
64856
24147
3352
9582
163732
66004
223082
55785
90411
221687
84333
55432
169200
120103
90843
1728
94025
55526
205428
90355
768211
55343
91050
219790
402415
201305
164091
80781
221178
57118
389337
54855
54039
84193
359845
23466
346389
390928
83999
128239
6331
3768
220
4070
254887
1946
1435
84441
9021
340061
157313
642273
55967
11274
56899
338440
59307
51186
283991
147111
10634
5600
4919
5592
4603
3434
3916
286183
8660
93273
7626
55922
11118
4051
221491
53373
129293
55893
5465
130574
2650
4059
2563
10507
347454
92737
284434
10123
6300
1287
5359
2963
137392
79979
4697
3005
9516
80320
1364
6284
6275
79633
9725
1604
79754
2050
6276
60312
55959
112479
51321
2760
6273
7088
64771
57181
837
375791
5265
7718
4217
55753
50861
5154
4644
92689
80217
100506658
23303
55552
5336
6136
4155
5557
54830
337876
2673
9747
83699
131870
4326
26112
27347
801
9060
10479
10455
81706
9824
51465
80823
221002
6170
9848
54470
257407
57683
389058
3107
780
3134
642475
286144
55366
100113407
9289
54809
192668
10866
3105
652995
54492
64283
23467
100506100
100287765
100505783
80772
401399
151475
6892
647219
404266
643596
158801
3106
387882
101929567
10824
283392
100134259
60489
730091
390003
140564
57529
101929295
6414
399474
9668
146429
3217
146336
100505592
