90529
6405
51384
8379
843
7035
204
23028
5166
8935
56919
57019
55904
7748
23077
9020
54972
2115
10926
6915
3475
1352
9569
54623
8228
115098
5048
54879
57585
9043
1951
4257
9862
51534
2696
11188
5646
22955
6924
11313
1185
654364
54903
26993
54799
23395
58525
672
51360
1195
55703
23144
440193
1800
92745
55622
1591
23154
23034
51507
64429
6050
9821
11215
1244
10953
7431
960
56895
5583
65980
9519
56938
9135
23279
6301
7260
55596
10061
535
9497
5606
9168
7414
9172
84245
4234
7204
1462
23274
23517
55341
54884
1175
8538
7546
9820
3309
1829
22884
56204
84062
57102
51491
92017
55173
51773
55187
23518
11174
10911
57492
79810
51474
25875
9709
5291
57600
55761
1112
55850
29945
10806
23095
2296
25771
51602
3757
10827
57602
58508
55609
131566
4438
639
55718
55781
6916
5832
8531
79832
51660
6433
10188
23041
28968
770
8776
55726
10402
6873
28996
23534
54929
28966
10347
5378
23294
7629
57418
55388
23013
6416
55248
9748
1308
119391
4199
10797
5141
30834
27107
55631
55102
3422
1316
5255
7132
782
7813
79091
7158
6857
89795
3421
24140
25885
51447
55133
22933
55746
4734
8518
23210
5423
440
26986
8891
56852
79658
114049
9319
6929
6596
9130
51109
22905
9886
3028
6793
8907
949
4171
54475
5927
10979
10644
9175
6480
4905
1207
11343
617
55205
23140
57719
51175
10512
55020
9620
7587
2355
6624
7879
55973
5076
4175
11176
4292
88455
55824
55094
4162
4660
9576
51548
2260
10529
3093
55728
8871
8028
2222
4983
51006
131544
10847
9933
4850
1371
56650
22839
54665
4208
6604
57579
22837
25929
23085
79728
23033
57226
7994
79670
5351
10464
23047
1540
10998
54807
2195
10890
790
546
102157402
55892
81929
54700
4528
4799
51194
55787
51171
7205
54947
57091
28971
5990
339175
29929
5775
8886
55616
55741
57017
2280
55857
54997
9962
29058
55617
5829
55614
2521
3476
29965
57062
7597
25977
170961
10726
10081
51324
8761
16
2734
27327
55763
23335
11069
51776
26575
285
84336
9878
57556
8773
26227
201294
7042
55862
9942
5742
55357
64376
51322
2289
114327
1832
3189
25
8829
57828
54620
80270
513
4670
126353
27037
84861
51586
6598
10291
23759
23481
2678
1416
91355
6576
3956
402055
24144
129138
4809
23331
387590
9929
162
8563
4174
23543
54471
80339
4627
25828
27352
55007
5905
84844
55687
27351
9889
2287
10419
11154
5427
80821
26499
5283
9786
8846
22938
145508
3091
4522
9252
57820
328
5106
5411
55245
10110
80336
6789
23394
7165
4923
11237
79133
57761
1457
113278
81502
10528
63905
182
9675
60625
116092
9658
9663
8731
4092
5932
8780
6907
4935
5422
4281
56180
64743
10084
83692
8411
8237
2254
55578
3839
23078
84056
23361
11151
100507577
65057
55565
80777
29070
65009
79918
55697
3038
79613
23406
9100
408050
79791
3163
9093
23322
10295
84148
51760
9810
64799
10391
8925
57214
9455
23312
8669
57617
79848
7976
55756
1666
10940
3551
54332
51366
7264
65263
6713
90459
23516
157697
9639
54758
1891
4793
5971
11129
84444
4858
10469
93145
9141
6217
92609
2091
9149
22898
29997
2109
11140
8775
10567
56917
64748
57664
26121
6528
8178
54555
93436
6324
23094
7639
199731
101927446
1021
27000
10135
11062
51678
858
857
4233
10049
3200
6742
79974
101928168
6804
2617
8896
7586
55131
84132
24146
4899
57037
55744
6505
79937
9830
23081
573
9124
23268
79009
9806
56652
6468
10360
8729
57584
51684
23185
56647
9644
22943
54906
7511
8453
6158
56521
81619
7343
51195
54894
4591
6198
23125
8402
642
57003
117246
9144
6945
84687
8714
51747
1801
4621
54868
6830
55161
64854
8649
27309
11199
10227
55805
7007
83480
55572
1374
27339
79073
22897
50862
57562
374378
329
29099
55626
833
54733
55553
9600
2965
8496
25766
4598
10645
11272
10094
10019
2967
81539
7421
8914
2784
10162
29915
9847
51389
51522
55003
2651
63914
254394
79632
4121
57515
51020
80329
23195
7803
10973
55084
5191
9841
64065
117247
57211
9749
7922
10846
84498
2762
2030
3910
23438
10884
23107
10307
55374
3156
10087
8622
55819
9685
57472
7265
4437
10622
29102
57561
10923
83989
6897
10723
10802
5917
23286
1452
8614
1627
23567
55171
3273
4968
3836
7337
5947
5210
5576
3373
10641
55081
7372
22916
523
23276
54800
7433
25981
7134
27086
10096
7781
4358
51130
374291
550
57142
27429
84128
2335
2744
23301
8869
7701
3398
4953
57448
79954
10153
23683
8604
1746
63892
84634
26038
54206
5906
10067
55870
58480
54856
4209
6723
10459
9927
9887
23169
1647
79971
6738
51377
10286
7709
55700
10352
4548
6018
4237
10765
54680
2582
64175
6513
79033
58155
9588
8289
114883
10274
4297
23271
55259
9994
90025
23469
4602
26234
80264
2309
29855
60526
57539
4709
9330
23314
140803
51692
55127
54942
6418
10783
84263
57706
9480
56252
112752
23093
1743
25940
57678
51076
79591
284058
4488
79886
348995
25902
5110
79684
6883
55068
29880
2107
64374
51247
51780
1958
27230
7112
51019
317
1191
5533
51123
10987
157506
8405
56155
23240
55269
6045
1475
847
7750
10657
11019
84083
51426
54482
51251
10124
57670
9904
28981
35
84329
23389
79002
976
57213
23091
57486
65244
64375
79828
29994
55509
81579
79934
27161
79183
57580
9217
57169
56937
55905
55653
23096
10617
84693
10199
55809
57510
57505
9477
6659
6239
83732
6310
745
79026
171425
10257
1948
652
60386
57409
30833
64794
79144
51141
84172
79085
10045
8189
56261
27111
64412
1059
9491
92675
10616
3704
10236
80818
2342
3397
8894
8242
154796
192669
7389
79654
84063
58506
51119
10131
84081
57570
55112
8021
55906
54973
5908
84286
23352
30817
58513
643314
6597
23030
79066
5782
2770
5189
79644
5471
468
4357
26150
222256
7425
2318
4698
1123
8924
90416
79664
54567
79094
54832
25847
5682
23022
26297
84268
904
65095
57509
10038
7905
81533
8226
84766
57572
84337
5589
8881
23039
9667
65975
57688
23025
55201
7837
54858
25830
79230
283120
6874
3911
23404
27243
78992
83667
27293
54797
6535
1736
7776
4037
9590
2686
10328
84440
7187
64145
29893
8639
314
60412
116983
54991
5565
79149
5989
10489
5468
23647
10346
5901
23108
10514
6117
60678
51805
26057
3691
9406
23135
1742
157680
7014
6616
5786
114034
4595
56259
29958
51164
9205
10208
10400
5994
5983
201266
55643
84330
55748
28992
54663
23037
22880
9215
79970
57180
84125
80195
406
272
81846
5977
4221
80017
1965
55140
9811
8932
3656
8536
8553
89978
55119
10100
7482
10717
56907
51535
54407
57498
23175
3939
89796
79577
10440
4677
85019
3824
8933
8565
1912
1824
51444
55250
1825
747
26519
9704
54841
79070
9743
9315
134430
60560
301
23287
29968
8728
23014
6926
8638
84900
9988
57639
6733
10492
4907
55226
517
1019
7024
3855
23416
57224
5570
84279
9958
6553
80003
9816
3915
160428
11137
2317
79621
23143
55270
10643
10457
28969
9238
54606
85446
3658
4711
10010
6498
2058
11311
26750
55339
8027
64215
56262
1025
51759
9314
7539
9128
10868
10244
10541
4609
26953
64425
3590
55833
54840
1761
11258
51645
89953
25844
93643
8737
84300
79969
23787
51439
9982
4647
27314
79731
81796
55601
4316
84259
5962
2230
91801
5607
55177
54874
9581
1838
79847
54536
53836
310
51008
471
29789
6744
30061
90525
60490
10144
55345
51138
22872
84803
2247
5910
79807
57117
23162
51067
121536
84216
9169
92979
114795
113675
51228
9815
6541
675
91012
7786
55716
23067
79720
8562
64062
10150
8451
64403
6252
145389
8816
7453
6938
10169
6727
7090
80349
55466
7168
91947
5046
4240
374655
84656
3687
64755
79798
5073
55114
463
2653
123920
8996
23174
89941
9611
8533
84916
10040
55028
55275
9905
85464
54828
51651
83608
114799
114876
2627
80000
27043
50488
55036
94015
51529
54808
5366
23476
6455
56931
57677
7226
9875
105372481
10498
112703
473
63976
5226
26135
5567
29922
54499
5451
5202
93183
81875
27
127018
1893
57530
81609
4170
5298
23126
126626
25896
79805
57198
9898
27173
57459
1130
9859
52
100130093
4931
149111
92906
79823
51057
23233
7851
80775
84524
284992
65065
26154
84236
55502
64708
129563
2177
132001
64651
5793
55164
115286
10550
22989
90102
64422
58477
83939
4026
116211
81608
10699
93587
6622
93627
817
287
80854
84869
10299
85409
4651
23635
10788
23262
5066
56929
51397
9140
23092
78991
10667
54901
153527
27242
5558
57038
93663
221806
84310
79034
5814
222255
64434
55869
55634
6872
5631
3547
9258
79618
8667
83940
80728
123
54801
84186
10280
220869
549
92399
2649
210
23245
54107
6834
6835
90678
9919
56288
6935
11128
3363
10556
118924
6934
85450
22984
51144
85456
8501
79096
10658
871
472
2900
26007
3992
90952
140710
84304
10435
8479
124446
8091
283078
143098
79741
84159
57536
4253
2823
10666
151242
26521
5305
2308
51232
9871
57647
7316
23657
25819
196513
121053
121551
9223
153443
145282
80224
26019
83643
143187
166785
152485
3628
636
60558
26278
667
221336
9910
5784
253635
26353
120534
9050
147339
5163
5140
83439
143884
7518
79723
152137
55521
114908
4154
24138
5796
153562
10283
55289
64682
221711
654
283349
5903
10225
50807
79888
10428
221895
80790
55022
9653
124540
284161
223117
200014
5578
23461
84976
23043
84033
55740
57630
728577
1525
80746
7508
92106
146956
7566
81552
6566
84365
7273
285172
65062
133522
10670
137492
3798
4325
132
3778
57188
10069
119392
159091
159090
84295
60685
10813
286053
391059
2585
1974
9941
23049
6854
4323
54778
673
84255
114793
84465
55698
6497
116987
200634
9577
144406
57822
2140
171586
115572
64084
9669
23382
9334
55607
124245
81544
56946
124044
4817
79053
8867
94104
124995
3460
2618
6651
1827
861
10642
3141
201176
3099
197131
89970
60313
84303
9114
57732
146206
7638
79140
29101
131076
203547
5152
5316
2539
85395
4047
54058
5116
9442
23387
116238
9159
80308
6464
3570
2224
10712
79957
9673
54865
84449
136227
222236
150223
2905
29115
51
6427
124801
284361
284069
91010
221442
26168
51035
51727
26027
4774
254268
148423
127002
284695
164045
178
148867
4921
8682
28982
10380
163882
129285
80232
5194
142679
7447
554226
115677
200373
56916
10611
4487
133015
114905
6944
90957
118429
317649
92703
200185
7048
23114
8802
200916
23001
6314
166336
152926
57406
132014
285368
26577
441024
25898
2992
57456
56992
64866
7707
131601
55689
80149
5984
26354
79078
51058
133308
56898
51385
5364
84126
51246
8927
84315
8819
308
10393
3673
91942
92255
153733
651746
256987
57587
167153
84135
84340
154075
114801
57107
135250
221955
29896
55568
10466
285613
54468
25862
92421
114788
23514
5001
202915
9897
51271
137994
55798
2395
158405
65083
158234
30968
254065
219681
94134
2957
220963
57156
158584
83860
64324
6621
23203
3251
118426
9790
53349
783
221079
85459
154810
121457
9221
221120
160140
374868
9710
143570
9866
7551
80063
89927
54386
23582
4088
219995
59271
4141
114785
7644
257160
51755
51367
125058
9726
7171
29123
8085
84940
7846
114823
83696
10036
64359
55720
55769
51129
4723
2125
6730
147184
90850
21
23524
220001
6520
10980
57691
55209
93487
54541
3516
92181
3800
4247
648
54899
55806
7148
661
8754
4725
53353
10768
10098
22847
53407
55308
123355
4144
375704
57507
3954
29091
3667
79663
55130
6940
126129
23214
197370
11238
55974
51068
8738
200894
5747
59339
196074
123207
200558
23119
7798
51181
7580
5881
55454
5099
57099
163590
126789
1107
7324
220988
23587
152189
9482
4798
9723
91752
130827
3035
4862
164832
79071
79905
9306
11214
84864
51499
9778
2941
90338
9637
5581
10474
84233
55863
50515
55636
64979
54474
283455
9533
93134
26156
5481
2110
23566
5356
8507
55729
10243
51112
149840
221037
11346
728747
8801
55277
54971
54221
5139
64393
55222
23023
80011
55871
1717
206338
26960
9943
253558
340252
55731
22992
64318
126868
158399
153770
79812
49854
6599
5797
79834
8793
90441
1106
51134
79703
3728
114897
200933
2787
253827
23592
348180
23269
54872
23051
9156
3981
10302
400073
10260
10781
9024
55196
143282
9662
10897
51319
125988
79683
125144
55279
55690
65108
1649
5095
392
10025
85007
8815
5771
9092
79783
11007
6199
146691
146712
7025
158135
4482
84617
10301
284001
79915
25914
339487
159371
54993
1196
79446
148252
2788
9884
627
79635
9240
51078
9632
10522
147912
84942
100129827
125228
80324
80205
7156
441951
266812
284119
10425
79413
475
254827
25945
9772
648987
8269
92806
388886
3615
1662
85460
389072
79962
404217
788
9852
2907
27132
4351
135932
54512
80010
80169
205860
54344
5187
2193
80153
143458
10620
285908
50628
91523
22864
22928
79077
10194
122809
253650
81889
8204
151963
84622
5551
100271836
79642
5464
389362
6748
728294
23760
64782
124512
284129
79813
5430
219902
91351
23109
168544
29072
221416
7262
284459
84967
64785
64963
7562
5890
6472
124637
65265
3770
122553
400629
389084
22906
23236
7267
302
55794
28970
80254
5831
84316
89874
2621
83698
51428
54880
10946
728340
57634
84206
375133
8624
653604
119559
55039
7378
114781
146754
283869
256435
8073
71
8663
8508
3786
126382
152579
84319
317772
253769
5142
5413
56478
23762
25880
155435
6612
83943
752
146198
646851
4700
57537
7469
80789
8340
10581
10196
55015
84614
54622
8651
64754
79184
7026
113146
10336
5087
677
347918
23532
730094
79581
127602
100131138
55217
84529
130355
55330
57496
389177
10168
54331
3638
84981
100129075
5138
90624
8372
84307
4137
349667
51259
7003
957
23270
91404
79659
51616
51547
9742
7874
9636
148398
79875
389766
389421
8632
375033
100288637
4810
401541
3014
348645
84247
140576
100132288
144404
401024
79844
100130581
84464
400499
23036
134637
728780
374393
196528
388165
51155
654433
51233
2272
57402
282991
50859
26010
25894
9687
6829
51427
9883
54413
9361
8295
51466
7678
30849
79711
9612
27010
8912
3048
3908
7516
3269
9895
100287569
643836
84941
57473
4763
388796
55534
8187
163051
23365
170384
8270
54554
2764
85379
1778
203102
51703
400931
140688
8363
135398
25788
8831
6840
79027
219927
136051
171392
104
728
3652
10533
23556
1803
6709
10794
5660
6281
1675
347344
51710
81553
128
26052
7675
127687
85028
55035
84549
9814
26275
90987
6819
83694
59286
9931
200734
147657
84914
51441
10230
339541
11321
11169
23237
339883
11177
6262
221477
22909
80184
9646
140467
4976
51714
26046
55253
150771
7150
6721
339448
79065
9722
353
9755
154467
84456
26832
26830
26835
6084
101954276
106480167
56662
26834
64423
128387
389432
101928673
282996
206412
387066
148418
26058
414189
6015
339229
3108
1290
6499
221527
10919
4758
50854
3304
3303
7407
23
2794
89870
80862
11138
84335
644019
6311
79600
29902
7711
101927533
100289678
155054
10206
284402
1874
56953
133482
92270
440354
7114
8110
144363
440278
403313
131965
7247
55652
22828
9534
151230
6827
4893
221914
286467
10011
51517
23564
6235
102724826
147040
1241
100996307
100132707
57128
51024
619207
92482
401247
125150
729920
1654
407975
55628
114044
55714
375190
101928464
5520
10626
200765
81669
116349
106480223
728190
6293
101927027
100379345
101928079
284930
387647
554203
155370
150538
253264
348751
65072
100506392
253039
100288413
57291
400619
283089
284801
137196
101929475
100852410
645784
100874032
100302692
388550
340512
100131814
101928687
101926941
653712
728730
8847
643749
100132077
101929184
729348
100289178
100506930
104310353
100506311
101927289
100506385
285456
100506325
100528031
101927043
60674
101060264
92249
101929467
100272228
284900
100874058
100506469
101926942
100306951
441094
100130418
101928438
105372751
100506826
100507062
400793
158
146771
53938
257068
221078
27297
204010
102546299
23089
401074
101927550
100302640
30816
57553
105374060
11230
154881
80761
100132247
113157
5032
85014
10443
101928784
100505648
644873
645513
100506233
727677
100507632
55766
192111
102546294
100506314
100131067
100506540
100507266
644192
102724885
550112
101929505
100505994
201853
101927233
100507291
441027
101928176
101927040
101927592
401164
388569
90342
285692
5820
25907
101927237
643401
101927124
400916
100506272
100507065
100505616
101929709
100507377
91948
100507487
101927487
653188
388610
441355
105369486
103695435
92312
735301
103611081
84983
23642
100130776
3145
11232
100506691
100009676
105369635
26065
283459
1523
101928137
283624
283553
100526836
105370681
101928414
101926895
100506581
150967
283932
103344931
101927957
100128881
148189
100130950
10780
100294362
100500815
100500862
790952
101927481
101060542
342892
284385
400684
100130522
103091864
647946
284260
115290
100129195
100505761
10984
100093630
100303453
414778
9383
