51384
8379
843
204
8935
55904
7748
23077
2115
1352
54623
115098
1951
4257
5646
22955
6924
672
1195
1800
55622
1591
23034
1244
7431
960
56895
5583
9135
23279
535
9497
5606
7414
7204
1462
23274
8538
7546
57102
51491
92017
55173
55187
57492
51474
9709
10806
2296
58508
639
6916
5832
28968
28996
23534
10347
55388
9748
4199
55102
3422
6857
89795
24140
25885
55133
440
8891
56852
6596
22905
6793
10644
1207
11343
617
55205
23140
57719
10512
2355
6624
55973
88455
55824
4162
2260
10529
3093
8871
8028
9933
56650
22839
4208
57579
22837
25929
23085
23033
7994
10464
54807
2195
4799
51194
7205
28971
5775
8886
54997
29058
55617
5829
2521
16
27327
23335
285
201294
9942
8829
126353
51586
2678
6576
3956
402055
23331
387590
162
4174
27351
80821
26499
328
10110
7165
4923
57761
113278
182
9658
9663
8731
4092
8780
6907
4935
56180
8411
2254
11151
80777
3038
79613
23406
3163
9810
10391
8925
57214
9455
23312
57617
79848
7976
10940
51366
6713
90459
23516
4793
10469
93145
7639
1021
858
3200
101928168
2617
55744
79937
23081
9124
23268
10360
56647
9644
22943
7511
56521
81619
51195
54894
8714
55161
27309
11199
55805
55572
27339
50862
329
833
54733
2965
8496
10019
2967
81539
10162
2651
79632
4121
57515
7803
10973
55084
64065
57211
7922
10846
2762
3910
23438
10087
57561
6897
23286
8614
1627
3273
3836
5947
3373
23276
25981
7134
4358
57142
2335
2744
23301
8869
7701
3398
4953
23683
8604
63892
58480
6723
1647
79971
51377
7709
10765
9588
23271
90025
23469
80264
57539
23314
54942
84263
57706
51076
4488
64374
51247
51780
7112
317
1191
51123
157506
56155
23240
55269
1475
84083
54482
10124
23389
23091
65244
79828
81579
57169
56937
6659
6239
6310
171425
1948
652
30833
10045
56261
27111
92675
3397
7389
84063
51119
84081
643314
5782
2770
468
26150
2318
4698
8924
79664
79094
5682
23022
84268
57509
10038
57688
23025
7837
3911
10328
7187
60412
79149
5468
3691
1742
5786
4595
51164
5983
201266
28992
9215
57180
81846
9811
89978
10100
54407
8565
1912
1824
1825
23287
29968
8728
6926
4907
55226
1019
3855
23416
57224
5570
2317
10643
10010
6498
26750
10541
26953
64425
1761
4647
79731
81796
55601
4316
5962
91801
9581
53836
51008
471
6744
30061
90525
84803
2247
92979
114795
6541
79720
10150
8816
7453
6938
4240
5073
123920
84916
55275
9905
85464
114799
114876
2627
80000
5366
23476
6455
9875
112703
473
5226
5567
29922
5451
23126
79805
9898
57459
9859
149111
79823
7851
84236
10550
22989
90102
83939
93587
817
287
84869
10299
85409
10788
5066
56929
51397
9140
23092
10667
54901
27242
93663
221806
5814
222255
6872
5631
79618
83940
123
84186
92399
2649
210
6834
90678
6935
3363
118924
6934
22984
472
3992
140710
10435
8479
124446
8091
283078
143098
79741
84159
57536
10666
5305
2308
9871
23657
25819
143187
152485
667
221336
5140
7518
152137
114908
4154
5796
55289
221711
283349
50807
79888
221895
55022
9653
124540
5578
23043
84033
55740
57630
728577
1525
80746
6566
7273
285172
133522
3798
4325
132
119392
159090
60685
10813
286053
391059
2585
4323
114793
9577
57822
64084
8867
3460
2618
861
3141
3099
57732
29101
5152
54058
80308
6464
3570
54865
29115
51
221442
26027
4774
164045
148867
28982
80232
7447
554226
115677
10611
4487
7048
166336
57406
132014
64866
55689
5984
79078
51246
8927
84315
8819
308
3673
57587
154075
114801
55568
25862
92421
114788
51271
158405
158234
57156
83860
3251
783
154810
143570
9866
54386
4088
59271
4141
7644
125058
29123
84940
7846
64359
51129
2125
6520
57691
54541
3800
648
54899
55806
8754
4725
53353
10098
53407
57507
29091
3667
55130
23214
197370
51068
8738
200894
59339
123207
5881
126789
1107
7324
23587
152189
91752
3035
54474
93134
2110
8507
10243
54221
5139
55222
23023
1717
9943
253558
340252
153770
5797
1106
2787
253827
23269
10302
10260
125144
65108
79783
7025
284001
1196
79446
125228
80205
441951
266812
79413
475
25945
3615
1662
79962
788
2907
135932
205860
10620
91523
22928
10194
253650
8204
151963
5551
79642
6748
23760
79813
219902
91351
221416
5890
6472
400629
23236
5831
10946
57634
7378
146754
283869
8073
8508
152579
317772
253769
5142
646851
57537
10581
10196
8651
7026
113146
5087
677
79581
127602
84529
54331
3638
5138
90624
84307
23270
91404
79659
51616
9636
148398
100288637
4810
401541
348645
140576
100132288
79844
51155
654433
57402
282991
50859
25894
51427
51466
23365
2764
85379
1778
203102
135398
8831
6840
171392
1803
6709
6281
347344
81553
26052
7675
6819
9931
200734
10230
339883
11177
6262
9646
26046
55253
7150
6721
9722
353
84456
26835
6084
387066
26058
3304
92270
7114
9534
6827
4893
729920
55714
10626
100379345
101928079
284930
554203
155370
150538
348751
65072
100506392
57291
400619
137196
100302692
340512
101928687
728730
104310353
101927289
60674
101929467
100874058
101926942
441094
400793
257068
221078
23089
105374060
11230
80761
101928784
100507632
100506314
644192
100505994
101928176
90342
285692
5820
643401
400916
100507065
388610
105369486
23642
100506691
283459
1523
101928137
283624
283553
105370681
150967
101927957
10780
790952
101060542
342892
284385
284260
100505761
