6405
51384
8379
843
204
23028
8935
56919
57019
55904
7748
23077
9020
2115
1352
54623
115098
1951
4257
5646
22955
6924
54903
672
1195
440193
1800
55622
1591
23034
1244
10953
7431
960
56895
5583
56938
9135
23279
535
9497
5606
7414
7204
1462
23274
8538
7546
57102
51491
92017
55173
55187
57492
51474
25875
9709
10806
2296
58508
4438
639
6916
5832
51660
28968
8776
28996
23534
10347
55388
23013
9748
1308
4199
5141
30834
55102
3422
6857
89795
24140
25885
55133
440
26986
8891
56852
6929
6596
22905
6793
8907
949
4171
10644
1207
11343
617
55205
23140
57719
51175
10512
2355
6624
55973
4175
4292
88455
55824
4162
2260
10529
3093
8871
8028
9933
56650
22839
4208
57579
22837
25929
23085
23033
7994
79670
10464
54807
2195
546
55892
4799
51194
55787
7205
28971
5990
5775
8886
57017
54997
29058
55617
5829
2521
25977
16
2734
27327
23335
11069
285
57556
201294
9942
3189
8829
80270
126353
51586
23481
2678
6576
3956
402055
23331
387590
162
4174
27351
80821
26499
5283
4522
9252
328
5106
10110
6789
23394
7165
4923
57761
113278
182
60625
9658
9663
8731
4092
8780
6907
4935
56180
8411
2254
11151
80777
29070
65009
3038
79613
23406
3163
9810
10391
8925
57214
9455
23312
57617
79848
7976
10940
51366
6713
90459
23516
4793
10469
93145
54555
93436
7639
1021
858
3200
79974
101928168
2617
7586
55744
79937
23081
573
9124
23268
10360
56647
9644
22943
7511
6158
56521
81619
51195
54894
8714
51747
55161
27309
11199
55805
83480
55572
1374
27339
50862
329
833
54733
2965
8496
10019
2967
81539
10162
55003
2651
254394
79632
4121
57515
23195
7803
10973
55084
64065
57211
7922
10846
2762
3910
23438
23107
55374
3156
10087
57561
6897
23286
8614
1627
23567
3273
3836
5947
5576
3373
55081
22916
23276
25981
7134
4358
57142
2335
2744
23301
8869
7701
3398
4953
79954
23683
8604
63892
26038
58480
4209
6723
9887
1647
79971
51377
7709
55700
10765
79033
9588
10274
4297
23271
90025
23469
80264
57539
23314
54942
10783
84263
57706
9480
51076
284058
4488
348995
25902
79684
55068
64374
51247
51780
7112
317
1191
5533
51123
157506
56155
23240
55269
1475
847
84083
51426
54482
10124
9904
23389
23091
65244
64375
79828
81579
57169
56937
10199
6659
6239
83732
6310
171425
1948
652
30833
84172
10045
56261
27111
92675
80818
3397
8242
7389
84063
51119
84081
5908
84286
23352
58513
643314
5782
2770
468
26150
7425
2318
4698
8924
79664
79094
54832
5682
23022
26297
84268
65095
57509
10038
65975
57688
23025
7837
3911
27243
6535
7776
9590
10328
7187
60412
79149
5468
23647
3691
23135
1742
157680
5786
4595
51164
5983
201266
28992
9215
57180
81846
9811
8553
89978
55119
10100
54407
8565
1912
1824
51444
1825
9704
9743
23287
29968
8728
6926
84900
57639
4907
55226
1019
3855
23416
57224
5570
6553
2317
79621
10643
10010
6498
2058
11311
26750
55339
51759
10541
26953
64425
3590
1761
51645
51439
4647
79731
81796
55601
4316
5962
91801
9581
53836
51008
471
6744
30061
90525
55345
84803
2247
9169
92979
114795
6541
79720
10150
145389
8816
7453
6938
6727
7090
55466
4240
374655
5073
123920
84916
55275
9905
85464
54828
114799
114876
2627
80000
5366
23476
6455
57677
9875
112703
473
63976
5226
5567
29922
5451
4170
23126
79805
9898
57459
9859
149111
79823
51057
7851
26154
84236
132001
64651
5793
55164
10550
22989
90102
83939
116211
10699
93587
93627
817
287
84869
10299
85409
10788
5066
56929
51397
9140
23092
10667
54901
27242
93663
221806
5814
222255
6872
5631
79618
83940
123
54801
84186
10280
92399
2649
210
23245
6834
90678
6935
3363
10556
118924
6934
22984
85456
8501
472
3992
140710
10435
8479
124446
8091
283078
143098
79741
84159
57536
10666
5305
2308
51232
9871
23657
25819
80224
26019
143187
152485
3628
667
221336
253635
5140
7518
152137
114908
4154
5796
55289
221711
283349
50807
79888
221895
55022
9653
124540
223117
5578
23043
84033
55740
57630
728577
1525
80746
6566
84365
7273
285172
133522
3798
4325
132
57188
119392
159090
84295
60685
10813
286053
391059
2585
9941
4323
673
114793
9577
57822
115572
64084
8867
3460
2618
861
3141
3099
89970
57732
79140
29101
5152
54058
116238
80308
6464
3570
54865
29115
51
221442
26027
4774
164045
148867
28982
80232
7447
554226
115677
10611
4487
7048
23114
8802
200916
166336
57406
132014
56992
64866
55689
5984
79078
51246
8927
84315
8819
308
10393
3673
153733
57587
154075
114801
57107
221955
55568
54468
25862
92421
114788
51271
2395
158405
65083
158234
30968
94134
57156
83860
23203
3251
118426
783
154810
121457
9221
374868
143570
9866
7551
54386
4088
59271
4141
114785
7644
125058
29123
84940
7846
10036
64359
51129
2125
6730
6520
57691
54541
92181
3800
648
54899
55806
8754
4725
53353
10098
22847
53407
123355
57507
29091
3667
55130
23214
197370
51068
8738
200894
59339
196074
123207
5881
126789
1107
7324
23587
152189
9482
91752
3035
2941
50515
55636
54474
93134
2110
8507
10243
54971
54221
5139
55222
23023
55871
1717
9943
253558
340252
64318
126868
153770
49854
5797
79834
90441
1106
2787
253827
348180
23269
54872
10302
10260
125988
125144
65108
1649
5095
5771
79783
11007
6199
146691
7025
10301
284001
25914
1196
79446
125228
80205
7156
441951
266812
79413
475
25945
3615
1662
85460
79962
788
2907
135932
205860
143458
10620
91523
22928
10194
122809
253650
81889
8204
151963
84622
5551
100271836
79642
5464
389362
6748
23760
79813
219902
91351
221416
7562
5890
6472
400629
22906
23236
5831
83698
10946
57634
7378
146754
283869
8073
71
8508
3786
152579
317772
253769
5142
5413
6612
83943
646851
57537
80789
10581
10196
84614
8651
7026
113146
5087
677
23532
79581
127602
84529
57496
54331
3638
5138
90624
84307
4137
957
23270
91404
79659
51616
9636
148398
375033
100288637
4810
401541
348645
140576
100132288
79844
51155
654433
2272
57402
282991
50859
26010
25894
6829
51427
51466
7678
27010
8912
3048
100287569
57473
55534
23365
170384
2764
85379
1778
203102
135398
8831
6840
171392
1803
6709
10794
6281
347344
81553
26052
7675
55035
84549
6819
9931
200734
147657
10230
11169
23237
339883
11177
6262
9646
26046
55253
7150
6721
9722
353
84456
26835
6084
101954276
26834
387066
26058
6015
221527
10919
4758
3304
80862
644019
92270
7114
9534
6827
4893
10011
619207
729920
55714
10626
116349
100379345
101928079
284930
554203
155370
150538
348751
65072
100506392
57291
400619
137196
100302692
340512
101928687
728730
104310353
101927289
60674
101929467
100874058
100506469
101926942
441094
400793
257068
221078
204010
23089
101927550
105374060
11230
80761
101928784
100507632
102546294
100506314
100507266
644192
550112
100505994
101927233
101928176
401164
90342
285692
5820
643401
400916
100507065
100507377
388610
105369486
103695435
23642
100506691
283459
1523
101928137
283624
283553
105370681
150967
101927957
10780
790952
101927481
101060542
342892
284385
100130522
284260
100505761
10984
