23129
84254
115703
7982
5577
30812
80853
55001
3475
4784
7095
5646
22955
2534
3097
2137
1800
27032
25937
57586
23034
57476
8630
3755
56895
55591
56938
6301
28990
7077
7092
23026
55341
54165
57101
9734
4052
51474
10319
5291
57600
23101
3784
10806
55733
25771
10079
54542
8975
23200
29927
1608
4084
10188
9914
9697
4638
83641
6857
89795
23250
8514
4129
483
5217
5774
79364
440
6196
6596
7037
10335
949
4171
80216
5523
10644
9175
6480
2736
5522
11343
51175
8672
64778
5337
1739
7879
5939
8527
7155
4133
56922
114880
6507
7145
4983
2037
384
4208
79876
57579
22837
11342
594
79977
22979
55892
2122
81929
57549
22996
7462
51720
6820
1795
5027
55617
4842
78990
51726
16
51776
55573
285
26227
7042
5742
7093
84144
8829
80270
4616
27128
4242
91355
157
23331
55964
145508
22990
9252
5106
22981
80336
57167
57761
5332
9658
8731
6907
8411
55757
23078
84056
10232
65009
8140
50615
79838
64799
9455
10404
56704
93145
79935
79187
22898
945
2639
1021
858
857
4233
101928168
2887
2617
9678
54927
80709
23189
2625
22841
5599
22849
22943
219771
64854
11275
11199
152503
9379
9828
374378
833
23086
8496
41
10019
217
1822
1303
29940
26235
202
55084
57221
117247
57211
7957
2762
7422
57472
83989
5144
8614
80315
90249
1962
10051
55171
27031
51421
5096
25852
80321
55186
7029
54464
11235
23527
1894
8087
84223
22916
79669
54946
5361
79825
79858
11222
51122
10057
26084
54800
23007
25981
6747
1181
90
79745
2591
55120
6509
84634
2043
117583
7840
4139
26038
3749
4209
81563
100861548
1889
58155
10274
23271
22926
5325
4602
1490
9194
2309
6696
64747
5493
205564
27130
57706
114818
64411
84068
55068
1958
27230
5357
79912
576
644150
79365
101928705
5585
3164
55509
84969
10396
2914
6310
9208
10257
10616
23263
84063
112849
30817
10365
7277
2792
10739
2781
11135
80115
50940
1123
2571
58504
79094
91860
8930
5682
863
23677
65975
57688
25830
83667
1852
23199
9779
23180
6533
60412
4131
23225
60678
63979
23208
59352
90627
84707
79572
51520
406
79820
89978
23175
902
1825
9575
9743
2113
23287
29968
26136
1368
80003
116496
3300
375248
50649
23143
4008
64759
9771
3364
10518
86
4711
57129
6498
64215
6812
1761
5292
9856
9656
54843
6653
4316
9313
5330
2644
79739
57559
51163
23317
22891
84665
79675
57520
10152
60490
55435
2247
80144
306
1950
5530
64116
84216
113675
6541
8608
94
81624
10150
122953
7090
3480
91947
9960
4916
6457
3687
85407
463
84166
8631
80000
409
494470
5366
4782
9980
126208
84467
115704
63976
3339
3491
8543
481
127018
81609
126626
79805
149111
51057
7851
51454
284992
84236
129563
9922
91775
58477
116931
83939
7220
57552
4026
93109
9711
116211
8893
10699
287
166378
80854
170690
23635
256006
5066
51397
9140
78991
10667
51390
9586
7403
80005
55638
114569
83940
84186
58499
56288
83938
3363
196294
85463
64405
8448
283078
143098
84159
10666
151242
3606
5305
51232
23657
775
22982
9223
145282
80224
143187
121601
152485
79668
4249
5140
6695
152137
114908
4154
10160
5796
5352
10283
9425
55024
55289
10225
50807
221895
80790
1054
79047
84033
91694
388650
27295
92106
23228
2047
5799
7273
92370
5922
153769
286053
23355
1974
9372
261729
23648
203328
776
145773
1831
90139
114991
114793
84465
9577
79623
199221
22808
55179
115572
9542
8407
874
3099
64843
221188
84303
29
54020
80228
622
4868
50944
58191
146439
22941
9965
5563
4774
467
55083
27185
151473
115677
285555
10602
118429
1293
55356
7048
23114
5584
56648
130026
166336
8833
57018
323
26577
23350
151613
2992
84343
11073
6259
285126
54716
349565
55689
28999
90407
6184
55764
5984
165918
4241
64789
55314
51313
3673
153396
91942
57587
154075
114801
133396
26872
94120
619279
256979
137994
117531
55342
219681
7486
220963
219736
79789
84706
6692
51700
114780
89927
114785
150365
5090
138429
51450
83473
4645
29123
84940
3903
83696
124935
162514
7439
6520
54986
51435
54541
3800
8309
84879
4543
377007
11031
6575
157638
10098
3592
85476
4144
80723
153241
1285
79740
84632
146395
51068
8706
9197
8738
196074
84168
84894
5099
3684
57555
25924
91752
164832
9788
90161
26108
5581
81831
283455
23566
55092
55138
57834
51315
3669
55277
54221
23023
90288
541471
65059
153770
256710
339778
57493
80012
26996
6712
27333
152002
200933
387849
10302
26047
53833
55167
7368
51319
285315
170506
9435
545
256356
92369
56945
200197
55486
1649
5095
85007
196996
79836
146712
22877
169841
8607
4482
797
10301
79915
25914
161176
84002
627
54621
125228
64110
7182
79413
79718
79605
255082
28976
254827
56975
4291
1662
387694
389072
128218
9500
143458
2624
1960
10331
55785
5062
151963
79929
84698
91351
339500
221416
205428
6478
22820
285195
3770
785
23236
9628
2894
79098
6165
80254
57118
56941
7378
390928
2863
146754
152579
5504
84319
8398
9276
11156
340061
4753
201501
8971
83943
3714
56899
283991
266722
4919
255812
348487
89782
348793
339983
286183
8660
84859
84529
153768
23621
342035
3840
7328
55615
53373
129293
130574
79048
1978
342979
1287
4810
5359
7784
387755
348645
401024
149297
2272
57402
9687
9901
8464
1604
647135
30849
6536
3269
85301
8187
3914
57522
8831
79674
23145
1288
1803
645840
389170
140885
200734
4914
7296
9358
131870
4194
27347
81706
4976
51714
84456
259230
101928673
282996
148418
284751
170679
80862
2550
64901
9289
54065
285636
283314
131118
389161
401089
389136
23243
730755
84258
163486
25790
100996307
57128
220729
10195
92482
100506713
55628
5520
112597
100287765
100505783
100379345
101928079
401022
283050
84627
253264
348751
101929541
348840
100996579
100507057
285962
137196
197135
101927528
101929475
100852410
100506012
388550
101928687
285501
104533120
401585
378805
102724699
100289178
101929464
101927289
101927554
101927043
101060264
642776
101929467
100272228
100874058
100885782
101926942
654841
100507391
101927750
100506826
100505687
730091
257068
100128025
727956
23089
105374060
100132247
692099
101928376
2119
101928784
497258
644873
645513
152195
100507053
283104
100505894
102724885
100507466
101929423
201853
101927233
100131089
100507291
101927040
285626
285692
5820
283140
389203
90423
100505385
339874
101928942
100507377
91948
101929710
132241
100750225
100288181
105369486
84983
100528032
9668
100506691
1523
283624
105370404
283553
102723165
100134229
101928035
148189
101927688
647946
105371849
100303453
