7105
22875
51384
3927
3675
3920
2115
8938
6856
672
9961
823
4190
1591
4719
1890
7431
960
2896
7414
1462
79142
5874
54884
7546
50484
55173
9564
1535
23223
6307
29085
2296
23224
26999
64761
10513
55726
9748
1308
5588
2263
6160
54556
28951
37
51495
10371
10529
5236
27244
9262
5243
581
28971
55608
3912
5720
55357
1153
51257
126353
6576
1690
9786
9517
84312
10484
8760
182
6640
1471
57534
4935
56180
11040
10916
27286
2254
80777
29070
3038
79613
83693
23406
64428
114294
57214
23312
10940
665
4125
1891
6142
51477
3200
23554
79974
57037
196
6505
79937
158471
56647
10531
1326
54894
8714
9120
27346
8821
23220
50862
10114
9600
1119
3875
23371
4048
4940
10162
51522
4121
64065
10846
3910
55603
3156
900
523
50512
7433
6772
79083
23683
51449
55103
58480
79971
5997
965
57568
2582
6513
1266
2152
5825
6118
56912
6446
23314
84263
85365
56252
10577
64207
26503
4488
10808
317
157506
1475
847
5290
79586
116151
57169
1026
860
1948
3659
6662
6628
650
23767
80818
3397
154796
5447
3976
4189
54629
5655
112399
6303
23025
9518
85441
283120
84951
7153
3337
5468
3691
10763
79710
891
3656
9475
1643
53
1912
301
23670
8728
6926
4907
3855
5570
2016
4193
1660
51719
313
10010
8737
132864
81796
6386
204962
26509
3685
30061
84803
55266
54509
122786
10169
7385
10140
11322
9123
1291
64129
81607
26154
29926
10550
817
10788
7941
27242
7162
10957
1956
5631
50808
4781
123
2934
138151
6935
133
85456
143686
9638
7108
9344
196513
84910
266977
162282
223117
23043
7071
64798
4325
7074
119392
135228
391059
139221
57822
64084
516
201176
7832
54058
84885
4000
221908
2905
2232
51
25946
899
116362
9249
9077
164045
7447
554226
132671
10611
4487
7039
54502
8492
256987
64167
114788
221937
94241
360
283209
161436
89890
57608
121457
79156
63901
90990
51129
3489
283987
2125
2495
57215
55806
347735
8313
53353
255743
79867
55308
3635
92305
5480
29091
3667
22809
5865
129025
23119
214
10678
3856
136
6773
5429
2941
80131
5734
8507
3913
6641
5139
64393
8824
54625
254896
80311
55196
55279
1474
7025
2810
379
28232
64787
7050
475
3725
25945
79962
767
135932
2517
23580
9582
23526
8204
5551
79642
23510
64782
284439
23466
10766
79174
220
5142
56478
57537
126282
25840
7026
113146
5087
677
79581
66002
345079
54331
91404
79659
9636
92737
10123
389792
7390
374393
282991
6275
6276
51434
91392
6273
7088
10447
837
160
375791
26020
171392
50861
92689
6281
197342
6277
54863
6819
11325
9646
6170
9722
57692
389432
3304
3107
54809
6235
652995
54492
2189
65010
150538
400619
440584
154860
6892
400618
283392
60489
400793
106481826
140564
442213
55766
644192
101928176
643401
100507065
100463486
100462977
100463482
