7105
57147
2729
22875
3927
90293
56603
6542
84254
10165
64063
292
55013
80256
5577
30812
3920
51573
4293
221
9254
7005
29116
3720
1534
10157
55200
4784
23221
10048
51513
83930
928
51533
56920
9902
9066
5329
54443
57146
23324
823
64132
63932
56981
57586
864
1992
50619
51177
2730
55635
1890
11119
55591
2896
10908
2530
23604
7077
999
5874
84883
23338
5256
116984
6322
9734
8863
55040
4052
5954
3074
9603
9564
5652
23596
23224
10079
26099
54542
55540
5318
57458
9877
64718
64761
5128
10076
11178
1001
63916
57491
10838
22998
9914
5476
6558
10362
4942
2065
5588
84679
55810
259266
2263
2235
4756
1659
2182
65055
57217
10235
27248
375449
10681
4925
6710
23446
55062
26031
490
11320
6196
22846
29995
28951
79901
5566
224
64398
3161
8974
54820
56666
80216
3993
5523
59277
9891
3998
56005
55160
10371
285527
5337
284403
5939
32
55796
57662
29089
827
79960
203427
7319
2192
4133
27074
83737
6507
5236
8671
6595
27244
6932
9262
93664
23239
5205
55437
1741
56256
4779
79977
3034
54434
2950
1307
3732
2122
29957
5243
2017
55624
54749
29887
2778
10059
7022
6790
6820
80307
23348
55608
51161
80024
26074
10961
53827
5349
78990
55760
645
51650
51726
55214
1947
54918
3655
5720
55012
55632
1299
1808
51430
54566
7093
10580
28978
3710
23411
5125
23555
51257
9524
5902
56241
5625
29775
157
26088
23616
11078
6305
25777
11252
10042
164668
23492
51199
51804
4792
5721
10484
5875
958
4605
57167
655
1522
28231
140862
10139
10398
6640
1471
191
10627
23253
1478
5716
115201
10857
55916
79868
5634
9949
215
5358
140462
6102
27286
94121
2491
1821
2717
51566
688
5611
28984
160851
57149
4324
83716
4682
1428
55313
79838
2184
23359
90427
23678
760
54928
9694
64089
54793
427
3783
4924
147700
79816
9466
57716
27134
10226
945
1954
10945
22900
51477
7392
9512
3696
94239
23288
23242
3315
3268
113263
95681
27075
196
6009
51422
7461
3984
54981
23731
7464
7046
26468
23586
169792
20
7763
22841
27143
219699
64115
101929777
1362
3959
8506
3131
9120
23531
8821
2549
11275
51809
23321
9693
51274
1075
91057
23220
10938
595
10114
4192
8567
9049
23086
23603
4891
57460
10988
4048
2004
2305
217
1027
6337
4940
397
2026
1303
29940
11329
51715
11149
202
57221
4188
5754
59084
9096
10112
411
28965
5144
10007
2908
3977
58515
93973
604
27031
51421
80321
55186
1294
3280
23150
5361
50512
26084
23007
6508
200576
30818
57669
1058
29959
10297
64135
25801
2591
84141
3485
6549
23178
9014
6382
390
66008
51449
2034
6697
2043
55103
9917
115353
23463
3065
127544
55223
26232
3953
5321
1491
10745
252839
64960
51440
57568
9783
6675
5129
1889
1380
9048
533
10103
11123
4751
6195
57488
23184
9928
83479
8828
8609
9324
6446
81847
1490
103910
6185
9429
10983
11278
687
80212
9991
11064
8013
79695
5228
10577
64207
4053
57718
4072
3416
3437
60370
2805
29126
84918
57480
64411
7181
83468
1846
9479
576
5290
55791
29899
7291
78996
800
11130
9559
11113
1031
11228
79365
3709
11059
5585
540
3164
3229
6491
55355
9643
139231
79809
130399
9926
57826
79586
6385
8202
84969
400961
10396
79983
27076
5269
5190
860
55715
65109
7737
23157
6662
9953
79902
8744
970
9322
2354
6238
23767
631
83658
7067
2002
9787
83543
3188
1678
55504
8910
7538
53947
23780
93986
57464
2571
29767
60559
10749
23639
10053
1032
5655
25938
64097
1028
6303
23677
158747
5819
148229
376497
9518
140893
84971
27237
9473
55337
4354
22927
11046
6451
2161
7283
80762
55107
3597
54521
64087
6737
23167
64208
63979
4147
22903
9633
64900
51526
10810
5287
79710
84707
79589
54885
79921
90956
23075
51669
4017
6272
5738
29841
129607
3572
3601
4038
51765
192670
51361
25941
9415
2113
26578
1514
29969
167691
2001
79056
10220
2583
9700
7006
10322
2016
27345
2799
54583
65080
5270
51719
50649
10970
55332
26586
9882
4008
10253
83852
64759
57538
55852
6326
274
9394
5082
1515
4856
63971
5292
7020
10817
9856
55227
3159
8870
57176
85462
54843
5547
8836
6653
56649
51203
9493
3706
5330
53905
145783
8412
1545
3832
140766
316
580
6775
3417
3685
83666
55329
26035
83478
55008
51191
8654
11107
55589
80144
950
57619
306
1062
9061
64116
5998
83606
23710
144165
22822
144193
84915
94
79774
122786
57161
376267
122481
10516
2958
92912
10499
79661
3480
80119
1543
55215
5045
8826
85407
221184
84166
29948
58488
10140
22901
6760
7157
6904
6398
56270
2064
113230
1291
1292
207
114783
128272
79180
10733
9064
3339
3491
64129
5792
8543
3321
1952
23432
481
261726
81607
83540
1382
11221
8751
22874
10130
54465
284958
6574
151126
54977
10217
26018
64332
91775
7220
57552
7873
286676
1609
57205
115265
56034
170690
10769
5295
10184
5921
10318
135293
113130
2041
357
30011
29934
1730
55086
84443
80005
8601
6867
28957
55638
114569
4781
53358
84641
401548
6837
120
1979
7761
5795
143686
23052
79780
89944
283208
6768
64405
11098
85458
3606
7068
90488
2059
1909
4306
60485
57405
130271
79925
133686
53354
7402
5352
23589
55024
831
60592
84910
4929
6328
112616
64795
55625
162282
8526
147463
84959
4900
89780
388650
27295
10950
124739
113612
150696
23097
158219
166968
118788
9601
8324
5922
1633
7074
5097
219743
135228
80223
93010
9372
3084
261729
203328
9133
145773
139221
1831
2114
90139
84187
4599
114991
56896
127281
7498
55113
199221
11013
22808
55179
8450
286527
9542
55567
8407
978
65018
57685
10481
51094
267
29
808
55108
9619
54020
147945
51043
23623
80228
11282
126433
622
55260
58191
899
9965
8613
5563
205
55225
54751
51375
284611
93185
79961
9261
130814
132671
7855
250
476
1999
79885
5274
56648
1040
25976
54502
84343
54585
151636
50650
4241
9348
55314
51313
729830
51752
64167
10370
9263
9232
26872
55536
94120
619279
256979
55074
2852
501
1345
8323
115908
11168
6850
19
117531
203286
155368
58526
57526
195828
219654
283209
51339
5979
57608
90809
55701
259217
144455
120071
79789
8879
1528
84460
6764
55839
440026
80323
115811
27018
63901
5347
91419
4824
5090
399665
51704
64127
4645
55128
55762
29946
558
10501
113655
63826
25818
5653
3489
10476
5866
2495
9881
51435
55872
114990
8309
3660
84879
6890
80346
649
256309
347735
255743
79867
2915
221749
84179
5650
25849
53944
5865
8706
84168
699
201255
10555
9079
9185
8460
2990
25924
214
123606
9121
2172
10491
983
2353
160518
84305
57228
9229
3790
79145
11162
112464
26108
5569
4534
9655
29071
81603
81831
140738
2548
5734
598
5293
55092
57834
83660
7857
794
6641
10125
93550
167227
5017
5916
54961
156
203054
81839
1605
339778
27333
3212
253512
5306
170261
26047
79647
7368
8322
2523
11065
149420
200197
10106
9134
55844
79772
10589
79836
5870
145270
2118
375757
340481
379
126792
55057
7525
9699
222171
9920
2300
8851
344148
54621
2902
2524
64787
196527
7050
10009
158056
259173
54762
767
115207
26873
2517
5886
2624
64856
24147
3352
9582
163732
66004
223082
55785
90411
221687
84333
55432
169200
120103
23510
90843
1728
2149
94025
55526
205428
90355
768211
55343
91050
219790
56963
402415
201305
164091
80781
221178
57118
389337
54855
54039
84193
359845
146223
23466
346389
390928
83999
128239
6331
3768
5504
220
4070
254887
1946
1435
84441
9021
340061
157313
139285
642273
55967
8971
11274
10572
56899
338440
59307
51186
283991
147111
10634
5600
25840
4919
5592
4603
3434
10134
3916
286183
8660
93273
345079
7626
55922
11118
4051
221491
139886
53373
129293
55893
5465
4286
130574
2650
4059
2563
10507
347454
92737
284434
10123
6300
1287
5359
2963
137392
79979
4697
3005
9516
83862
80320
1364
6284
4661
6275
79633
36
9725
63939
1604
79754
2050
6276
60312
55959
112479
51321
1612
2760
6273
7088
64771
57181
837
375791
5265
7718
4217
55753
50861
5154
4644
5167
92689
80217
100506658
23303
55552
5336
6277
6136
4155
2870
5557
54830
337876
2673
9747
83699
51062
131870
4326
26112
27347
801
9060
10479
10455
81706
9824
51465
80823
221002
6170
9848
54470
116228
26146
257407
57683
389058
3107
780
3133
3134
642475
286144
55366
100113407
9289
54809
192668
10866
3105
2013
652995
54492
440503
283551
64283
55449
23467
100506100
100287765
100505783
80772
221710
401399
151475
6892
647219
404266
643596
158801
3106
387882
642776
105370040
101929567
10824
283392
91368
439990
55592
100134259
60489
730091
390003
140564
57529
442213
101929295
6414
399474
100506365
9724
9668
146429
3217
146336
100505592
100507218
101928845
