7105
57147
2519
22875
54467
572
51384
3927
56603
57679
381
292
6296
25998
5164
3675
3920
64847
2115
221
10083
8938
9091
29116
6856
1951
55200
7756
7384
3077
11313
54443
23177
672
60481
9961
5238
1195
1774
50865
823
4190
3670
1272
23187
1591
23154
1992
2273
55655
4719
2730
1890
7431
355
960
3459
55334
286
2896
9497
26751
7414
84245
1462
9765
79142
5874
54884
1175
7546
9820
55841
50484
55173
9341
5982
3074
9564
84067
1535
23223
6307
3909
29085
2296
23224
26999
2665
57458
64761
11054
10513
6141
55726
1265
4942
9748
1308
5588
30834
2263
55623
55102
3422
54505
7158
55699
2261
55746
64710
23210
55062
10610
11099
998
26031
6160
9948
54556
6400
28951
87
23503
22905
37
6793
83642
6389
4905
8726
59277
3998
51495
6717
10371
38
9605
5250
55824
3566
2260
10529
5108
23152
2222
5236
27244
1371
9262
22869
4200
55659
9422
6193
2950
334
200081
3732
22911
57590
5243
8895
54700
10573
7205
581
6790
8544
28971
55616
55741
55608
54498
8655
3476
29965
332
1947
113878
3912
1738
54918
5720
4637
63967
139596
4214
1384
55357
25805
4113
1153
51257
126353
5442
56241
23541
5594
339665
6576
24144
51386
85377
10521
91289
162
410
706
25813
6767
5905
2287
1690
5836
9786
9517
3091
4522
55671
10202
4792
5721
84312
10484
51292
2937
26133
5834
10544
51098
55969
80331
26205
140862
9770
113278
8760
10483
55612
182
6640
1471
79913
191
81610
57534
4935
10857
56180
6594
340554
11040
7355
10084
6102
8237
27336
7076
10916
27286
1821
51566
688
5611
2254
26512
57149
80777
29070
4832
3038
79613
4350
83693
23406
64428
10295
9810
114294
10391
9325
2184
57214
23312
57617
23087
760
10940
65263
1936
6713
90459
2936
665
4125
3783
1891
55621
53635
10270
57716
27134
27113
29997
10567
10945
3978
30000
6142
51477
11316
10430
7561
64763
221830
79989
3198
3200
23554
79974
55033
2051
51142
3315
29886
1174
57037
27075
196
6505
79937
158471
10952
55664
23586
51104
5264
11196
59
10360
56647
10531
1326
8453
6158
81619
54894
79665
6603
3959
8714
1845
9120
23531
27346
8821
1363
6164
23321
7358
3312
54414
23220
23130
10938
81622
595
50862
9354
1656
5818
10114
8050
9600
6207
4728
10312
1119
11234
9761
4598
3875
23371
4048
1027
6337
4940
83461
10162
51559
64426
5564
29915
51522
4121
57515
6648
266727
7803
10973
7915
64065
7922
10846
5754
10591
8899
3910
55603
10112
10307
3156
900
57561
3977
373
11334
11068
523
50512
7433
1933
9540
29959
9784
64135
6209
25801
84128
2335
6772
3485
8869
55818
100526767
7701
2274
79083
23683
9167
51449
25806
55103
6146
148479
11315
80267
79084
3065
127544
58480
28956
79971
5997
6738
965
149371
57568
10765
2582
4179
51107
64175
6513
991
1266
2152
5825
55157
3664
11123
101928189
56181
29937
6118
57488
6794
56912
9928
6446
10983
11278
23314
9615
9991
89891
5524
22954
4702
84263
85365
56252
5228
10577
64207
54867
64225
51646
26503
55719
83401
3437
3433
57678
4488
84918
10808
100128966
7112
317
8795
2053
29914
157506
7706
56155
9227
10520
1475
1408
847
5290
6144
1314
311
55975
48
5328
5033
35
1031
26994
10133
55355
10608
1164
79586
23363
6560
116151
51604
57169
7596
27076
29964
6903
9587
1026
6745
860
1948
9375
3659
6662
79637
8744
6628
55317
6238
650
23767
80818
3397
51614
154796
11070
7389
79639
79654
83786
25824
83596
3306
22890
57570
59269
55504
1892
5447
5189
7263
3976
64792
4189
4430
57045
8854
54629
3712
1315
25870
60559
84817
57509
5655
3169
58533
112399
79649
57053
6303
83861
23025
55201
9518
140685
85441
283120
54797
55337
7317
126299
5119
6451
23473
4245
9945
6155
3597
54521
84951
7153
5565
57343
3337
84261
10489
5468
23647
23167
55037
23277
23480
3691
91107
10247
7014
22903
5111
10763
114034
4595
55544
4628
57511
79710
55748
891
3656
8536
84722
9475
3572
6210
1643
53
1912
55143
3703
301
23670
8728
51347
6926
8638
10906
57231
4907
967
3855
57224
5570
2016
27345
2799
4193
2752
1660
51719
79074
11137
55332
4752
26586
83548
313
10010
7295
29988
1317
64425
84681
84904
23070
55362
8737
132864
5547
81796
6386
55601
53905
145783
204962
3032
1545
10121
26509
84171
55165
4664
3685
30061
83666
9728
55008
84803
55212
8654
8615
3033
9061
91445
347902
55266
9815
6821
7009
54509
122786
10169
22893
146059
5371
55898
23478
64755
79798
7385
57707
89941
84916
10140
9905
9520
11322
9123
6904
10609
2064
8612
5211
10410
80162
1291
1292
9875
114783
23521
64129
6202
11004
126969
223
81607
1382
58497
405
11221
8751
11000
27173
8476
2052
130497
10130
388
92906
130589
26154
79137
58190
114790
29926
85403
9039
10550
7110
141
7873
9353
1609
57205
817
6189
10769
5295
10184
10788
64924
7941
27242
170954
7162
10957
6993
1956
55262
89122
54539
29934
5631
6134
526
6129
115111
93100
50808
4781
123
1030
401548
2934
210
6130
4851
138151
6935
1979
196743
9446
133
51074
85456
84364
143686
23052
9219
3992
9638
5331
740
7108
5531
9344
124446
2308
57647
196513
90488
121551
80097
120534
9050
117143
10557
283349
84910
5937
266977
55022
162282
223117
4900
9868
23461
23043
126731
9184
54148
7508
113612
7071
51582
4343
389
5018
9601
8324
64798
134353
10670
4325
7102
7074
119392
5097
159091
135228
9131
115509
391059
54953
1376
6483
139221
2114
124565
57822
91544
127262
64084
995
129531
222068
50848
124044
4817
92822
10361
516
65264
10642
201176
7832
9114
150275
83858
8566
4047
54058
5116
388561
84885
51043
6464
103
3570
23623
79957
4000
221908
9401
9684
84988
115399
2905
2232
51
6427
25946
284361
284069
29127
899
283237
6159
26027
25973
79707
9903
116362
9249
9077
164045
79762
148362
5194
130814
7447
554226
132671
10611
4487
6282
90957
7039
7855
151556
57326
204851
84283
57650
8320
79885
100507246
6133
54502
64866
7086
51058
10252
327
8492
308
3600
256987
836
51752
64167
134510
728637
23176
23366
55568
6208
7559
114788
54919
10922
501
221937
94241
55656
54704
138716
6990
4712
360
220213
283209
3636
161436
123016
89890
57608
840
121457
2200
27343
79803
54838
79156
119504
3611
6157
7465
9382
164
63901
8800
23339
6778
79837
1398
7769
9726
4597
81620
6137
84790
116115
10653
64073
64359
113655
90990
124997
51129
3489
283987
10476
2125
84514
1775
2495
93487
55788
57215
5162
6890
55159
55806
347735
6774
8313
53353
255743
79867
9925
6645
22847
55308
3635
92305
5480
29091
3667
22809
4330
5865
10421
10636
55974
55276
129025
23119
284004
5986
83443
214
140838
983
4798
10678
2353
3856
136
84305
5272
6773
26145
5429
8493
51499
79042
2941
90338
80131
79095
126070
5223
5734
8507
8841
79029
92342
6227
6201
3913
5859
94103
6641
1798
682
2783
10978
79694
5499
5139
64393
54961
8824
55191
9943
54625
1163
2804
158399
79660
8793
254896
1267
23333
128344
9973
80311
112
148808
246330
55196
6138
8322
10897
11065
80124
55279
9134
1474
8665
83638
54968
58492
7025
2810
79666
379
84747
84617
116068
79898
113829
6051
155382
28232
666
7298
9632
140775
64787
11253
8541
7050
203111
475
3725
222183
5441
25945
253639
158056
6232
3615
205327
54762
85460
143888
11180
79962
788
767
9852
115207
4351
135932
54512
79415
79818
6415
285237
23212
205860
2517
10472
23580
144811
9582
54952
81889
23526
8204
5551
169200
79642
6748
404093
23513
23510
286077
255252
1728
64782
284439
2149
64219
94039
134553
84890
5571
51363
9798
51021
10159
23336
26233
23265
3838
84975
25987
302
389692
1397
28970
2275
54855
653604
23466
10607
10766
152
79174
283871
220
80213
4070
1435
84517
9735
4303
5627
9021
5142
56478
642273
6612
11274
57537
8694
10509
80789
102723728
84614
126282
25840
7026
113146
5087
677
23532
79581
200942
55599
66002
345079
55330
148254
55922
6228
54331
11118
56971
84981
54821
256949
91404
79659
51616
9636
81848
92737
126432
10123
65998
375790
10383
57801
79862
389792
7390
10811
130612
158293
283219
51136
374393
282991
6275
79633
6829
6276
51434
399687
23654
91392
84941
6273
961
7088
55534
3841
10447
837
160
307
8270
79830
92714
51703
375791
9583
26020
171392
373156
50861
57547
6709
92689
6281
197342
55210
8733
28512
55552
6277
54863
57708
6819
11325
7576
6262
9060
10479
112770
9646
4736
140606
6170
9666
9722
57692
9848
9867
106479178
106479185
389432
387066
55251
339229
3304
3303
3107
28973
780
642475
1639
155054
441054
65986
55366
100113407
54809
92270
7114
90861
5268
3105
81856
6827
6494
6235
91664
652995
54492
23053
729920
11331
55670
4636
55714
2189
23467
81669
7311
116349
548596
65010
150538
400619
440584
154860
6222
6892
51372
2876
100129482
3106
400618
58486
283392
91368
3833
90120
692084
60489
400793
53938
106481826
27297
3692
113157
140564
1650
442213
101927204
101927221
55766
192111
100506540
644192
148898
101928176
25907
643401
6414
100507065
100874323
388610
101927752
55845
23741
100463486
7768
100462977
100009676
100128191
283459
197187
146336
10780
790952
414778
100463482
