7105
57147
2729
22875
51056
4267
3927
4074
90293
56603
6542
23129
84254
5965
51364
10165
1856
64063
292
55013
81691
80256
5577
30812
25998
3675
7543
3920
3674
51573
114881
26022
64847
51330
4293
221
9855
10083
8842
5080
9254
8938
7005
29116
3720
6792
6856
1534
10157
55200
4784
6482
23221
10048
51513
83932
83930
928
51533
56920
2534
9902
9066
5329
54443
57146
933
7869
4007
23324
51667
50865
823
4190
10903
64132
84220
10928
25937
8540
63932
56981
57586
54764
864
58473
1992
2273
23071
50619
51177
2730
55635
58528
3298
1890
355
11119
55591
286
2896
51306
10908
2530
321
23604
7077
55300
999
9765
23035
54908
27067
54896
1497
5874
5685
55775
84883
822
54165
23338
5256
116984
6322
9734
26262
9341
8863
55040
4052
5954
3074
51528
9603
63933
9564
84067
10198
5652
55745
23596
23224
10079
26099
8454
26999
55283
54969
54542
55540
6646
5318
57458
5218
4659
5923
9877
1608
64718
64761
4084
5128
10076
11178
10787
60488
1001
84649
63916
10513
79763
57491
10838
22998
53340
9914
5476
6558
55711
10362
10203
9351
4942
9697
9423
1606
2065
10954
4638
5588
23216
84679
55810
5525
25791
259266
2263
51015
26153
10565
2235
6672
4756
23471
5315
387
1659
55699
5165
55593
2182
65055
57217
10235
27248
375449
7049
23285
54626
483
10681
7353
4925
6710
23446
9993
55062
10420
29105
26031
490
11320
23161
6196
22846
29995
28951
26528
79901
5566
26469
100996693
224
64398
3161
8974
54820
56666
80216
3993
5523
5743
10129
4854
59277
9891
54878
3998
56005
55160
7294
79023
10371
55972
285527
23505
5337
284403
1739
5939
113235
32
22978
55796
57662
5909
4791
29089
54431
827
10714
79960
203427
7319
2192
4133
9063
56922
27074
3205
57690
83737
58476
51150
7161
6507
7145
5050
3835
5236
1785
26002
5794
8671
6595
27244
5933
10403
6932
28962
9262
9812
93664
23239
5205
55437
1741
56256
7188
4779
9706
79977
5019
10269
3034
54434
2950
334
57613
79570
1307
60509
3797
3732
2122
57590
29957
57549
5243
231
2017
23259
4258
55624
27102
54749
29887
22929
10959
581
9509
56970
118
64395
2778
10059
7022
6790
6820
2767
80307
23348
55608
51161
57593
5027
80024
26074
10961
53827
5349
78990
393
55760
645
51650
3383
29888
7023
51726
55214
1947
55066
54918
3655
9552
51530
5720
55012
55632
1299
7430
1808
9209
10013
23468
51430
4436
1725
54566
10044
54187
7093
1592
10580
55168
28978
3710
23411
11332
84144
5125
79956
23555
51257
9524
8045
421
5902
23786
23523
56241
23541
5625
339665
29775
157
26088
23616
11078
23464
9463
11015
25793
7078
6305
25777
11252
25809
10042
638
164668
23492
5155
150379
11020
6767
23351
55147
51199
5836
114088
9517
79890
5641
51804
6430
51527
5700
10202
6729
4792
5721
9985
10484
5875
26090
958
4605
57446
57167
655
1522
28231
10732
54994
140862
10139
8760
9751
10398
51654
6640
1869
11264
128866
1471
191
81610
57136
8736
10627
23253
1478
5716
115201
10857
55916
79868
5634
9949
8406
331
215
6855
5358
140462
340554
6102
5127
7076
2245
10916
27286
94121
2491
1821
2717
51566
22862
688
5611
8874
143
28984
160851
3299
57149
10725
4324
5713
23659
79152
51172
83716
4363
84264
4682
1428
9780
6923
55313
57478
64131
10423
79838
123263
57722
2184
23359
90427
23678
5157
23087
760
8767
54928
9694
54845
10397
51101
6674
64089
79792
1936
63898
10671
54793
427
665
3783
4924
27294
2997
2068
55111
10535
147700
8677
1760
79735
79816
166
6618
9466
22870
57716
27134
10226
79784
7087
945
1954
10945
2906
22900
30000
3718
51477
7392
23474
154661
9512
3696
6671
29062
79872
94239
3955
221927
23288
23242
3315
29886
64598
5118
3268
8985
113263
95681
4232
27075
196
644
55069
6009
51422
9275
7461
3984
54981
23731
7464
7046
10952
26468
80709
57589
23413
7016
23586
169792
56654
320
20
51104
7763
2625
26033
22841
27143
219699
64115
9562
59
91452
8030
57178
10105
5709
8787
101929777
5414
9487
2584
1362
64149
3959
8506
1748
10493
4355
3131
9120
5573
23531
57606
374
8821
2549
11275
1363
7466
1182
51809
23321
55247
7468
152503
9693
51274
25854
10553
1075
91057
23220
10938
81622
595
10612
867
10114
8050
4192
8567
975
9049
23086
23603
4891
9761
57460
10988
4048
2004
55110
2305
10566
80724
217
1027
6337
4940
397
56890
4848
23074
83461
56994
79158
2026
64426
55907
1911
8683
26127
1303
29940
54516
2178
222658
11329
6648
26268
9308
55776
221662
51715
892
11149
2822
7915
202
57221
51696
7957
5252
4188
5528
5754
1347
55754
55603
59084
9096
55914
83594
11044
1611
10112
23197
411
2566
28965
50805
5144
10007
2908
3977
80006
9555
1809
80315
10051
58515
93973
604
27031
51421
5096
80321
55186
11235
1294
3280
23527
10342
79669
23150
5361
50512
57088
7867
26084
23007
1181
6787
6508
81562
200576
30818
55240
57669
9540
1058
90
85461
29959
10297
64135
25801
79745
2591
55704
84141
6772
1768
3485
10190
80219
25843
55818
3554
8809
6549
2274
79083
23178
9014
6382
390
66008
51449
2034
2956
6697
2043
117583
607
4139
55103
9917
115353
23463
6146
5768
3749
3065
127544
55223
26232
26270
81563
3953
60672
5321
1491
10745
339488
252839
127700
64960
149371
3964
51440
4610
57568
9783
34
6675
117178
5129
8934
1889
3155
1380
4179
991
9048
533
10103
2166
9890
11123
4751
6195
29937
57488
23184
1509
9928
83479
8828
8609
9324
6446
81847
1490
103910
6185
5311
9429
6696
10983
11278
687
80212
84886
9991
8727
5524
11064
8013
79695
85365
2531
9525
5228
97
10577
64207
4053
9870
5826
57718
4329
4072
26503
3416
83401
3437
84795
404636
60370
55717
2805
1843
29126
84918
57480
64411
11193
5357
22835
7181
400
83468
1846
10174
81558
64282
84902
8702
51029
9479
1408
576
51538
5290
113452
55791
29899
2322
2971
4952
311
84293
57489
7291
48
27019
79269
8805
78996
800
11130
9559
11113
1031
26994
11228
79365
3709
11059
10549
5585
540
2974
10133
3164
3229
6491
55355
9643
139231
79809
9111
130399
9926
57826
80776
5208
23682
1164
79586
23549
116151
6385
8202
5335
84969
400961
10396
79983
27076
29993
57380
5269
5190
29964
4337
9587
2739
51000
860
583
55715
9375
3659
65109
7737
23157
6662
9953
399512
79637
79902
8744
970
9322
2354
7408
56255
140901
6238
650
23767
631
11034
55321
63941
83658
7517
23263
826
7067
435
2537
8409
2002
3895
9787
3306
81537
26030
83543
286336
3188
1678
7186
117177
50809
10365
9088
146330
7277
25953
55504
5447
8910
64921
7538
85378
57168
53947
23780
5880
9732
93986
57464
4189
6608
50940
2571
57045
55930
29767
4016
60559
79733
54478
9098
5338
9513
10749
51105
23639
57153
10053
1032
5655
84932
25938
3169
112399
7011
64097
9070
1028
151648
58986
6303
23677
158747
5819
148229
376497
51429
23149
9518
92359
10422
85441
140893
9885
10585
84929
84971
27237
9473
55337
4354
91574
22927
11046
80328
23229
6451
2161
80758
6533
4245
7283
80762
7322
55107
79412
4131
3597
54521
84951
7153
10401
64087
85415
3958
6737
23225
85363
23167
8864
5791
5562
25957
64208
23480
63979
91107
4147
2319
22903
5111
10763
9826
9633
64900
51526
93611
842
10810
23164
5287
254428
9911
90627
79710
84707
79589
54885
79921
84787
10313
123811
284904
90956
694
79572
83857
23075
51669
23508
4017
92259
891
84722
6272
5738
4853
80263
8774
29841
129607
3572
3601
4038
1643
51765
55143
192670
51361
1573
25941
9415
2113
26578
55312
1514
9413
79616
5025
79161
29969
22881
22832
167691
6885
2001
79056
967
10220
3679
2583
93058
9700
85021
7006
10322
8291
2016
27345
2799
3775
54583
22796
6041
5279
65080
81618
5270
3300
64114
51719
9648
64965
50649
10970
55198
55332
26586
9882
79866
4008
10253
1102
3936
83852
64759
83605
80727
57538
55316
55852
10238
6326
51133
79595
274
9394
25934
7295
64855
153090
29988
1318
113220
5082
1515
4856
51754
10695
63971
5292
2766
7020
10817
9856
55227
3159
10211
8870
84547
57176
132864
85462
408
54843
5547
7274
8836
6653
56649
51203
9493
54852
3706
55075
5330
80021
56924
53905
145783
51332
8412
56267
10669
1545
3832
10579
1847
9585
51163
22891
140766
316
50485
580
6775
79675
3417
3685
83666
55329
26035
83478
55008
51191
55435
84162
8654
11107
7222
27163
55589
80144
950
246175
57619
306
1062
9061
64116
5998
83606
23710
55500
144165
5830
22822
55266
282809
160418
144193
84915
9818
94
23344
7009
5925
85416
55647
79774
81542
122786
57161
376267
122481
10516
2958
22893
146059
92912
10499
79661
3480
80119
1543
145864
55215
55784
5045
8826
85407
221184
84166
81631
29948
22980
2588
146862
58488
10140
90507
162494
22901
6760
2774
29919
112483
7157
6904
6398
56270
8535
494470
5596
162427
2064
113230
5211
91039
90324
10410
1291
6647
1292
757
9980
207
2014
114783
85452
128272
79180
58985
10733
9064
23038
84224
3339
8915
3491
64129
11004
5792
8543
126969
3321
5686
1952
23432
481
261726
55827
81607
83540
8490
1382
9213
57592
54507
5993
55793
8416
29956
405
8444
11221
8751
11000
25912
57657
84451
3930
2052
9580
22874
130497
10130
388
130589
805
494143
54465
94097
5899
284958
6574
151126
165215
79137
58190
84892
54977
10217
26018
64332
91775
7220
57552
7873
55840
286676
4585
1609
1060
57205
79966
115265
890
56034
170690
9180
10769
5295
10184
5921
153328
10318
23138
81786
4794
51302
135293
58527
116843
257218
375260
1956
113130
64599
2041
54892
357
30011
8573
85417
29934
1730
55086
84443
139818
2719
55790
80005
8601
6867
84296
28957
51110
55638
9166
114569
50808
4781
203228
26267
84131
53358
84641
58499
401548
6837
56904
84895
9536
57720
56623
29982
818
120
1979
6877
7761
51074
5795
143686
23052
79780
54970
4684
89944
283208
6768
64405
149986
8448
9344
11098
85458
1737
3606
3708
7068
55293
90488
93081
283635
2132
55691
2059
27034
57700
121601
1909
4306
10570
6868
291
60485
55835
91409
4249
57405
10618
9397
130271
79925
133686
10309
55676
25780
160897
10160
53354
7402
51351
5884
5352
9425
23589
55024
51061
831
60592
10461
84910
4929
6328
9481
22878
3621
113622
112616
64795
925
55625
79047
23576
162282
8526
147463
404550
84959
4900
54463
79705
83648
89780
126731
388650
27295
10950
220134
9989
124739
113612
150696
528
51633
23097
158219
6782
333926
1622
9337
166968
342357
118788
9601
8324
92370
5922
154064
1633
161502
10600
7102
7074
6103
122416
8817
5097
153769
219743
135228
27020
142891
80223
5603
9530
93594
5261
93010
123803
9372
3084
1376
261729
203328
776
9133
145773
139221
1831
2114
90139
84187
4599
257397
114991
9478
57728
150946
56896
127281
26119
114822
7498
55113
26504
199221
11013
22808
55179
8450
995
286527
340348
9542
55567
9753
8407
2005
85414
54935
50848
10361
978
65018
8703
2039
115584
57685
54461
29980
10481
65264
149473
51094
23400
5692
267
9813
1487
6002
7791
29
284348
7773
10020
2909
808
55108
9619
54020
8566
7109
23308
11182
84885
147945
51043
55823
79671
55585
200186
23623
4000
84988
80228
11282
5701
60680
126433
622
2232
55260
29127
221496
58191
80178
899
146439
114984
10629
283130
9965
8613
5563
57643
205
3716
55225
116362
54751
9249
9077
7398
127253
51375
284611
126820
2672
93185
79961
25992
148362
148789
9261
824
84542
130814
112942
90557
56997
151473
6443
132671
388962
6282
7855
250
84541
476
1999
10109
134
79885
201595
5274
5584
56648
57577
1040
25976
57018
54502
84343
6259
51304
54585
151636
94032
51460
50650
4241
84448
114625
79982
5308
9348
26269
55314
51313
3600
729830
79993
133619
2150
153642
836
51752
64167
10559
2898
10370
285761
94081
133396
23366
9263
9232
8645
26872
55536
94120
619279
25798
1508
256979
5828
5885
90390
734
23353
55074
2852
79778
501
1345
116039
8323
115908
55656
2669
203259
57462
11168
6850
19
256691
117531
203286
155368
58526
57526
84270
195828
7415
9833
220213
220972
219654
283209
3636
382
123016
83592
51339
169714
10935
11092
7248
116225
5979
57608
90809
57447
55701
51222
840
153579
142940
259217
144455
143872
120071
123036
79789
120935
9317
56935
161742
120863
29117
27343
8879
1353
79156
3611
8642
1528
5896
8495
51700
256764
84460
254225
6764
55839
56672
23300
440026
114780
7465
5598
80323
115811
7184
10904
27018
144100
113201
63901
5347
4665
6778
91419
6809
79837
54893
115752
2923
4824
7008
5090
399665
51148
57171
56905
51704
64127
4645
116969
6786
55128
2879
121274
147015
55762
29946
29785
558
10653
352909
84717
10501
113655
90990
63826
25818
5653
144501
3489
254552
10476
146664
137695
1632
5866
2495
144097
9881
1499
4054
29901
51435
55872
114990
125488
27249
8309
3660
378
84879
6890
197259
11031
80346
203190
649
9796
256309
2637
124790
2339
347735
55602
157638
255743
80319
79867
6474
6645
166793
80723
3635
2915
10815
221749
84179
5650
65110
25849
53944
5865
10636
26000
1942
8706
5780
83877
5093
27247
84168
150468
699
201255
10555
9079
7360
3175
7480
9185
8460
2990
25924
214
116840
9196
375484
123606
84640
9121
2172
7988
2720
10491
983
10678
2353
10446
160518
84305
5272
57228
9229
28991
83935
3790
3799
55038
79145
25948
79188
79042
84437
11162
26115
112464
10761
26108
5569
4534
3643
9655
29071
55657
81603
81831
140738
2548
124583
9
171023
5734
598
22883
51523
5293
80176
55092
1503
85442
54777
144699
5728
57834
83660
7857
253152
8462
6606
794
6641
10231
64137
2783
84331
9915
5499
10125
27289
253725
93550
57175
221468
169270
167227
5017
5916
54961
8824
51162
26579
338692
93624
156
10855
203054
54625
1163
81839
2804
653784
4296
1605
79102
339778
5707
162466
27333
3212
128344
253512
285704
5306
9416
8711
219833
170261
26047
246330
127845
79647
7368
11041
9975
8322
285315
2523
64837
9435
11065
149420
200197
1466
10106
9793
9537
9134
55844
79772
10589
79836
5870
145270
2118
375757
340481
379
126792
286262
55057
8636
7525
339344
6051
9699
161176
11145
653583
222171
9920
2300
8851
344148
54621
157769
2902
2524
6470
54503
64787
196527
403341
6197
144203
7050
7182
10009
79191
79874
23765
57104
222183
56975
2314
374969
158056
259173
205327
54762
163071
143888
348654
84987
767
56998
23512
115207
26873
112574
9212
160335
2517
811
5886
256472
2624
255520
1960
64856
24147
7681
10472
81858
3352
9582
9792
163732
23042
255043
66004
8575
223082
55785
222166
5062
90411
221687
84333
55432
169200
120103
253832
23513
23510
55783
90843
255252
1728
2149
94025
55526
205428
90355
22820
768211
55343
6517
84890
91050
219790
375061
11022
56963
11247
785
147968
3838
402415
79598
201305
164091
79098
1397
64746
80781
221178
162967
57118
145748
4703
389337
284656
8690
54855
54039
84193
84133
359845
146223
23466
346389
390928
83999
150209
128239
6331
6899
3768
5504
3654
220
5463
4070
401145
254887
1946
1435
84441
9735
9021
340061
8303
157313
139285
642273
55967
79135
1812
90135
8971
375287
3714
11274
10572
23764
56899
338440
59307
51186
283991
147111
6948
10634
266722
126282
5600
25840
4919
255812
3665
348487
5592
169611
5034
4603
3434
1762
10134
140691
3916
146760
286183
8660
93273
10773
64757
345079
55693
23621
7626
55922
11118
4051
2306
4771
221491
116985
139886
53373
129293
54821
8784
55893
5465
256949
83715
4286
130574
55182
2650
4059
11261
81848
2563
10507
347454
50626
92737
126432
284434
10123
100130519
65998
6300
1287
375790
342527
10383
5359
2963
137392
6402
389792
389799
10811
339287
79979
339977
4697
3005
9516
83862
80320
1364
6284
4128
3556
23424
4661
6275
79633
36
9725
63939
1604
79754
2050
6276
60312
4122
55959
55684
91392
112479
51321
1612
2760
6273
7088
89853
64771
10447
57181
837
79830
92714
80055
375791
9583
5265
25959
7718
124411
3064
4217
55753
50861
5154
1305
89887
4644
26037
5167
84188
92689
80217
645840
100506658
55924
23303
30001
55552
5336
6277
6136
9019
4155
8227
7637
140885
2870
5557
54830
337876
54863
79366
10905
144717
219844
415116
11060
2673
9747
83699
55319
51062
1259
7576
1500
131870
4326
26112
27347
801
9060
10479
10455
81706
26049
25829
9824
51465
9853
11153
9055
80823
4215
3897
221002
6170
57692
9848
4668
54470
9867
170958
116228
284751
100132074
26146
257407
57683
169981
389058
4277
3107
5514
780
3133
3134
642475
440145
84912
286144
55366
100113407
9289
54809
255919
388931
192668
283314
90861
5268
10866
3105
348801
339263
163486
25790
154313
445328
83463
5500
2013
30851
652995
79729
401397
54492
440503
51400
283551
285830
64283
392862
55449
96459
646024
55672
64641
23467
149478
100506100
100287765
100505783
80772
221710
401399
84627
100505641
151475
100288778
101929574
285962
197135
154860
6892
647219
404266
643596
158801
100506054
257415
3106
387882
642776
101928153
105370040
9674
101929567
10824
283392
96610
100131213
91368
439990
55592
90120
101927750
100134259
60489
100505687
57665
730091
101927111
541565
26286
390003
339894
3588
344595
202459
140564
57529
692099
1650
2119
442213
101929295
101927204
152195
284080
100128285
100499183
100289274
100505894
643201
342184
100129917
389203
90423
6414
399474
100506365
9724
441381
84769
283194
100874249
9668
100996246
100462977
57189
8972
146429
3217
146336
102723373
100507002
100131655
100505592
100507218
101928845
100133991
101927151
100505681
