TermID	Term	Enrichment	logP	Genes in Term	Target Genes in Term	Fraction of Targets in Term	Total Target Genes	Total Genes	Entrez Gene IDs	Gene Symbols
SM00294	4.1m	0.00764438933854472	-4.87378332002564	14	1	0.2	5	9131	26047	CNTNAP2
SM00702	P4Hc	0.00873261780550217	-4.74069009090739	16	1	0.2	5	9131	5352	PLOD2
SM00231	FA58C	0.0114490126584995	-4.4698517833987	21	1	0.2	5	9131	26047	CNTNAP2
SM00282	LamG	0.0238678374201329	-3.73522344097057	44	1	0.2	5	9131	26047	CNTNAP2
SM00317	SET	0.025478439069637	-3.66992271115796	47	1	0.2	5	9131	2122	MECOM
SM00398	HMG	0.0276226001409015	-3.58912099564542	51	1	0.2	5	9131	84969	TOX2
SM00355	ZnF_C2H2	0.0641266054744024	-2.74689593916676	800	2	0.4	5	9131	9668,2122	ZNF432,MECOM
SM00181	EGF	0.109347614885937	-2.21322334383993	209	1	0.2	5	9131	26047	CNTNAP2
SM00349	KRAB	0.184552873208959	-1.6898192808982	365	1	0.2	5	9131	9668	ZNF432
SM00369	LRR_TYP	0.999999999968444	-3.15564032764194e-11	134	0	0	5	9131
SM00423	PSI	0.999999999971155	-2.88448892841661e-11	45	0	0	5	9131
SM00145	PI3Ka	0.999999999973624	-2.63765069377082e-11	9	0	0	5	9131
SM00288	VHS	0.999999999973624	-2.63765069377082e-11	9	0	0	5	9131
SM00351	PAX	0.999999999973624	-2.63765069377082e-11	9	0	0	5	9131
SM00329	BPI2	0.999999999973624	-2.63765069377082e-11	9	0	0	5	9131
SM00328	BPI1	0.999999999973624	-2.63765069377082e-11	9	0	0	5	9131
SM00201	SO	0.999999999973624	-2.63765069377082e-11	9	0	0	5	9131
SM00949	PAZ	0.999999999973624	-2.63765069377082e-11	9	0	0	5	9131
SM01025	BEN	0.999999999973624	-2.63765069377082e-11	9	0	0	5	9131
SM00809	Alpha_adaptinC2	0.999999999973624	-2.63765069377082e-11	9	0	0	5	9131
SM00386	HAT	0.999999999973624	-2.63765069377082e-11	9	0	0	5	9131
SM00668	CTLH	0.999999999973624	-2.63765069377082e-11	9	0	0	5	9131
SM01026	Beach	0.999999999973624	-2.63765069377082e-11	9	0	0	5	9131
SM01039	BRICHOS	0.999999999973624	-2.63765069377082e-11	9	0	0	5	9131
SM00543	MIF4G	0.999999999973624	-2.63765069377082e-11	9	0	0	5	9131
SM00561	MBT	0.999999999973624	-2.63765069377082e-11	9	0	0	5	9131
SM00921	MHC_II_beta	0.999999999973624	-2.63765069377082e-11	9	0	0	5	9131
SM00348	IRF	0.999999999973624	-2.63765069377082e-11	9	0	0	5	9131
SM00107	BTK	0.999999999973624	-2.63765069377082e-11	9	0	0	5	9131
SM00089	PKD	0.999999999973624	-2.63765069377082e-11	9	0	0	5	9131
SM00273	ENTH	0.999999999973624	-2.63765069377082e-11	9	0	0	5	9131
SM00727	STI1	0.999999999973624	-2.63765069377082e-11	9	0	0	5	9131
SM00141	PDGF	0.999999999973624	-2.63765069377082e-11	9	0	0	5	9131
SM00490	HELICc	0.999999999975749	-2.42510622428879e-11	106	0	0	5	9131
SM00179	EGF_CA	0.999999999976345	-2.36553197285684e-11	98	0	0	5	9131
SM00382	AAA	0.999999999976968	-2.30322493283162e-11	144	0	0	5	9131
SM00034	CLECT	0.999999999977422	-2.25781481614518e-11	84	0	0	5	9131
SM00327	VWA	0.999999999977422	-2.25781481614518e-11	84	0	0	5	9131
SM00516	SEC14	0.999999999979297	-2.07031133305735e-11	25	0	0	5	9131
SM00451	ZnF_U1	0.999999999979297	-2.07031133305735e-11	25	0	0	5	9131
SM00174	RHO	0.999999999979297	-2.07031133305735e-11	25	0	0	5	9131
SM00333	TUDOR	0.999999999979297	-2.07031133305735e-11	25	0	0	5	9131
SM00339	FH	0.999999999980409	-1.95909914555668e-11	48	0	0	5	9131
SM00430	HOLI	0.999999999980409	-1.95909914555668e-11	48	0	0	5	9131
SM00192	LDLa	0.999999999980409	-1.95909914555668e-11	48	0	0	5	9131
SM00013	LRRNT	0.999999999981711	-1.82893855134512e-11	100	0	0	5	9131
SM00399	ZnF_C4	0.999999999982584	-1.74157265860184e-11	46	0	0	5	9131
SM00280	KAZAL	0.999999999982584	-1.74157265860184e-11	46	0	0	5	9131
SM00330	PIPKc	0.99999999998295	-1.70499831350813e-11	7	0	0	5	9131
SM00290	ZnF_UBP	0.99999999998295	-1.70499831350813e-11	7	0	0	5	9131
SM00715	LA	0.99999999998295	-1.70499831350813e-11	7	0	0	5	9131
SM00004	NL	0.99999999998295	-1.70499831350813e-11	7	0	0	5	9131
SM00707	RPEL	0.99999999998295	-1.70499831350813e-11	7	0	0	5	9131
SM00848	Inhibitor_I29	0.99999999998295	-1.70499831350813e-11	7	0	0	5	9131
SM00144	PI3K_rbd	0.99999999998295	-1.70499831350813e-11	7	0	0	5	9131
SM00729	Elp3	0.99999999998295	-1.70499831350813e-11	7	0	0	5	9131
SM00467	GS	0.99999999998295	-1.70499831350813e-11	7	0	0	5	9131
SM00077	ITAM	0.99999999998295	-1.70499831350813e-11	7	0	0	5	9131
SM00504	Ubox	0.99999999998295	-1.70499831350813e-11	7	0	0	5	9131
SM00636	Glyco_18	0.99999999998295	-1.70499831350813e-11	7	0	0	5	9131
SM00730	PSN	0.99999999998295	-1.70499831350813e-11	7	0	0	5	9131
SM00053	DYNc	0.99999999998295	-1.70499831350813e-11	7	0	0	5	9131
SM00964	STAT_int	0.99999999998295	-1.70499831350813e-11	7	0	0	5	9131
SM00884	Cullin_Nedd8	0.99999999998295	-1.70499831350813e-11	7	0	0	5	9131
SM00742	Hr1	0.99999999998295	-1.70499831350813e-11	7	0	0	5	9131
SM00515	eIF5C	0.99999999998295	-1.70499831350813e-11	7	0	0	5	9131
SM00182	CULLIN	0.99999999998295	-1.70499831350813e-11	7	0	0	5	9131
SM00250	PLEC	0.99999999998295	-1.70499831350813e-11	7	0	0	5	9131
SM00031	DED	0.99999999998295	-1.70499831350813e-11	7	0	0	5	9131
SM00301	DM	0.99999999998295	-1.70499831350813e-11	7	0	0	5	9131
SM00278	HhH1	0.99999999998295	-1.70499831350813e-11	7	0	0	5	9131
SM00048	DEFSN	0.99999999998295	-1.70499831350813e-11	7	0	0	5	9131
SM00390	GoLoco	0.99999999998295	-1.70499831350813e-11	7	0	0	5	9131
SM00101	14_3_3	0.99999999998295	-1.70499831350813e-11	7	0	0	5	9131
SM00546	CUE	0.99999999998295	-1.70499831350813e-11	7	0	0	5	9131
SM01062	Ca_chan_IQ	0.99999999998295	-1.70499831350813e-11	7	0	0	5	9131
SM00537	DCX	0.99999999998295	-1.70499831350813e-11	7	0	0	5	9131
SM01055	Cadherin_pro	0.99999999998295	-1.70499831350813e-11	7	0	0	5	9131
SM00281	LamB	0.99999999998295	-1.70499831350813e-11	7	0	0	5	9131
SM00455	RBD	0.99999999998295	-1.70499831350813e-11	7	0	0	5	9131
SM00739	KOW	0.99999999998295	-1.70499831350813e-11	7	0	0	5	9131
SM00154	ZnF_AN1	0.99999999998295	-1.70499831350813e-11	7	0	0	5	9131
SM00509	TFS2N	0.99999999998295	-1.70499831350813e-11	7	0	0	5	9131
SM00338	BRLZ	0.999999999983419	-1.65812365632372e-11	52	0	0	5	9131
SM00256	FBOX	0.999999999983419	-1.65812365632372e-11	52	0	0	5	9131
SM00582	RPR	0.999999999984473	-1.55266783510203e-11	8	0	0	5	9131
SM00237	Calx_beta	0.999999999984473	-1.55266783510203e-11	8	0	0	5	9131
SM00861	Transket_pyr	0.999999999984473	-1.55266783510203e-11	8	0	0	5	9131
SM00142	PI3K_C2	0.999999999984473	-1.55266783510203e-11	8	0	0	5	9131
SM00018	PD	0.999999999984473	-1.55266783510203e-11	8	0	0	5	9131
SM00609	VIT	0.999999999984473	-1.55266783510203e-11	8	0	0	5	9131
SM00357	CSP	0.999999999984473	-1.55266783510203e-11	8	0	0	5	9131
SM00524	DWB	0.999999999984473	-1.55266783510203e-11	8	0	0	5	9131
SM00393	R3H	0.999999999984473	-1.55266783510203e-11	8	0	0	5	9131
SM00671	SEL1	0.999999999984473	-1.55266783510203e-11	8	0	0	5	9131
SM00511	ORANGE	0.999999999984473	-1.55266783510203e-11	8	0	0	5	9131
SM00948	Proteasome_A_N	0.999999999984473	-1.55266783510203e-11	8	0	0	5	9131
SM00092	RNAse_Pc	0.999999999984473	-1.55266783510203e-11	8	0	0	5	9131
SM00391	MBD	0.999999999984473	-1.55266783510203e-11	8	0	0	5	9131
SM00065	GAF	0.999999999984473	-1.55266783510203e-11	8	0	0	5	9131
SM00153	VHP	0.999999999984473	-1.55266783510203e-11	8	0	0	5	9131
SM00950	Piwi	0.999999999984473	-1.55266783510203e-11	8	0	0	5	9131
SM00577	CPDc	0.999999999984473	-1.55266783510203e-11	8	0	0	5	9131
SM00545	JmjN	0.999999999984473	-1.55266783510203e-11	8	0	0	5	9131
SM00263	LYZ1	0.999999999984473	-1.55266783510203e-11	8	0	0	5	9131
SM00238	BIR	0.999999999984473	-1.55266783510203e-11	8	0	0	5	9131
SM00503	SynN	0.999999999984473	-1.55266783510203e-11	8	0	0	5	9131
SM00350	MCM	0.999999999984473	-1.55266783510203e-11	8	0	0	5	9131
SM00461	WH1	0.999999999984473	-1.55266783510203e-11	8	0	0	5	9131
SM00746	TRASH	0.999999999984473	-1.55266783510203e-11	8	0	0	5	9131
SM00068	GHB	0.999999999984473	-1.55266783510203e-11	8	0	0	5	9131
SM00262	GEL	0.999999999984473	-1.55266783510203e-11	8	0	0	5	9131
SM00215	VWC_out	0.999999999984473	-1.55266783510203e-11	8	0	0	5	9131
SM00187	INB	0.999999999984473	-1.55266783510203e-11	8	0	0	5	9131
SM00258	SAND	0.999999999984473	-1.55266783510203e-11	8	0	0	5	9131
SM00428	H3	0.999999999984702	-1.52983959022983e-11	6	0	0	5	9131
SM00710	PbH1	0.999999999984702	-1.52983959022983e-11	6	0	0	5	9131
SM00548	IRO	0.999999999984702	-1.52983959022983e-11	6	0	0	5	9131
SM00302	GED	0.999999999984702	-1.52983959022983e-11	6	0	0	5	9131
SM00111	C4	0.999999999984702	-1.52983959022983e-11	6	0	0	5	9131
SM00564	PQQ	0.999999999984702	-1.52983959022983e-11	6	0	0	5	9131
SM00441	FF	0.999999999984702	-1.52983959022983e-11	6	0	0	5	9131
SM00159	PTX	0.999999999984702	-1.52983959022983e-11	6	0	0	5	9131
SM00920	MHC_II_alpha	0.999999999984702	-1.52983959022983e-11	6	0	0	5	9131
SM00394	RIIa	0.999999999984702	-1.52983959022983e-11	6	0	0	5	9131
SM00907	GDNF	0.999999999984702	-1.52983959022983e-11	6	0	0	5	9131
SM00477	NUC	0.999999999984702	-1.52983959022983e-11	6	0	0	5	9131
SM00506	A1pp	0.999999999984702	-1.52983959022983e-11	6	0	0	5	9131
SM00775	LNS2	0.999999999984702	-1.52983959022983e-11	6	0	0	5	9131
SM00741	SapB	0.999999999984702	-1.52983959022983e-11	6	0	0	5	9131
SM00952	RAP	0.999999999984702	-1.52983959022983e-11	6	0	0	5	9131
SM00440	ZnF_C2C2	0.999999999984702	-1.52983959022983e-11	6	0	0	5	9131
SM00432	MADS	0.999999999984702	-1.52983959022983e-11	6	0	0	5	9131
SM00695	DUSP	0.999999999984702	-1.52983959022983e-11	6	0	0	5	9131
SM00367	LRR_CC	0.999999999984702	-1.52983959022983e-11	6	0	0	5	9131
SM00863	tRNA_SAD	0.999999999984702	-1.52983959022983e-11	6	0	0	5	9131
SM00811	Alpha_kinase	0.999999999984702	-1.52983959022983e-11	6	0	0	5	9131
SM00099	btg1	0.999999999984702	-1.52983959022983e-11	6	0	0	5	9131
SM00257	LysM	0.999999999984702	-1.52983959022983e-11	6	0	0	5	9131
SM00070	GLUCA	0.999999999984702	-1.52983959022983e-11	6	0	0	5	9131
SM00838	EFG_C	0.999999999984702	-1.52983959022983e-11	6	0	0	5	9131
SM00665	B561	0.999999999984702	-1.52983959022983e-11	6	0	0	5	9131
SM00022	PLAc	0.999999999984702	-1.52983959022983e-11	6	0	0	5	9131
SM00892	Endonuclease_NS	0.999999999984702	-1.52983959022983e-11	6	0	0	5	9131
SM00167	VPS9	0.999999999984702	-1.52983959022983e-11	6	0	0	5	9131
SM00968	SMC_hinge	0.999999999984702	-1.52983959022983e-11	6	0	0	5	9131
SM00670	PINc	0.999999999984702	-1.52983959022983e-11	6	0	0	5	9131
SM00155	PLDc	0.999999999984702	-1.52983959022983e-11	6	0	0	5	9131
SM00415	HSF	0.999999999984702	-1.52983959022983e-11	6	0	0	5	9131
SM00648	SWAP	0.999999999984702	-1.52983959022983e-11	6	0	0	5	9131
SM00544	MA3	0.999999999984702	-1.52983959022983e-11	6	0	0	5	9131
SM00757	CRA	0.999999999984702	-1.52983959022983e-11	6	0	0	5	9131
SM00368	LRR_RI	0.999999999984702	-1.52983959022983e-11	6	0	0	5	9131
SM00218	ZU5	0.999999999984702	-1.52983959022983e-11	6	0	0	5	9131
SM00139	MyTH4	0.999999999984702	-1.52983959022983e-11	6	0	0	5	9131
SM00054	EFh	0.99999999998491	-1.50897446966673e-11	143	0	0	5	9131
SM00454	SAM	0.999999999985327	-1.46727493275522e-11	88	0	0	5	9131
SM00219	TyrKc	0.999999999985327	-1.46727493275522e-11	88	0	0	5	9131
SM00248	ANK	0.999999999985633	-1.43670166225903e-11	246	0	0	5	9131
SM00458	RICIN	0.999999999985797	-1.42029729652157e-11	27	0	0	5	9131
SM00110	C1Q	0.999999999985797	-1.42029729652157e-11	27	0	0	5	9131
SM00173	RAS	0.999999999985797	-1.42029729652157e-11	27	0	0	5	9131
SM00119	HECTc	0.999999999985797	-1.42029729652157e-11	27	0	0	5	9131
SM00384	AT_hook	0.999999999985797	-1.42029729652157e-11	27	0	0	5	9131
SM00429	IPT	0.999999999985797	-1.42029729652157e-11	27	0	0	5	9131
SM00225	BTB	0.99999999998591	-1.40900700381533e-11	178	0	0	5	9131
SM00631	Zn_pept	0.999999999986647	-1.33525641250846e-11	17	0	0	5	9131
SM00255	TIR	0.999999999986647	-1.33525641250846e-11	17	0	0	5	9131
SM00425	TBOX	0.999999999986647	-1.33525641250846e-11	17	0	0	5	9131
SM00076	IFabd	0.999999999986647	-1.33525641250846e-11	17	0	0	5	9131
SM00211	TY	0.999999999986647	-1.33525641250846e-11	17	0	0	5	9131
SM00131	KU	0.999999999986647	-1.33525641250846e-11	17	0	0	5	9131
SM01057	Carb_anhydrase	0.999999999986647	-1.33525641250846e-11	17	0	0	5	9131
SM00508	PostSET	0.999999999986647	-1.33525641250846e-11	17	0	0	5	9131
SM00593	RUN	0.999999999986647	-1.33525641250846e-11	17	0	0	5	9131
SM00224	GGL	0.999999999986647	-1.33525641250846e-11	17	0	0	5	9131
SM00563	PlsC	0.999999999986647	-1.33525641250846e-11	17	0	0	5	9131
SM00216	VWD	0.999999999986647	-1.33525641250846e-11	17	0	0	5	9131
SM00043	CY	0.999999999986647	-1.33525641250846e-11	17	0	0	5	9131
SM00651	Sm	0.999999999986647	-1.33525641250846e-11	17	0	0	5	9131
SM00242	MYSc	0.999999999987032	-1.29676630182098e-11	38	0	0	5	9131
SM00184	RING	0.999999999987325	-1.26754572558412e-11	310	0	0	5	9131
SM00298	CHROMO	0.999999999987365	-1.26348277290343e-11	31	0	0	5	9131
SM00314	RA	0.999999999987365	-1.26348277290343e-11	31	0	0	5	9131
SM00268	ACTIN	0.999999999987365	-1.26348277290343e-11	31	0	0	5	9131
SM00462	PTB	0.999999999987365	-1.26348277290343e-11	31	0	0	5	9131
SM00214	VWC	0.999999999987706	-1.2293978436893e-11	39	0	0	5	9131
SM00322	KH	0.999999999987706	-1.2293978436893e-11	39	0	0	5	9131
SM00969	SOCS_box	0.999999999987706	-1.2293978436893e-11	39	0	0	5	9131
SM00487	DEXDc	0.999999999988656	-1.13444761647497e-11	109	0	0	5	9131
SM00558	JmjC	0.999999999988755	-1.12451257603322e-11	32	0	0	5	9131
SM00303	GPS	0.999999999988755	-1.12451257603322e-11	32	0	0	5	9131
SM00150	SPEC	0.999999999988755	-1.12451257603322e-11	32	0	0	5	9131
SM00091	PAS	0.999999999988755	-1.12451257603322e-11	32	0	0	5	9131
SM00060	FN3	0.999999999988926	-1.10740950917213e-11	187	0	0	5	9131
SM00408	IGc2	0.999999999988963	-1.1037097617697e-11	216	0	0	5	9131
SM00389	HOX	0.9999999999893	-1.06998018178794e-11	231	0	0	5	9131
SM00726	UIM	0.999999999989734	-1.02664036182411e-11	21	0	0	5	9131
SM00049	DEP	0.999999999989734	-1.02664036182411e-11	21	0	0	5	9131
SM00041	CT	0.999999999989734	-1.02664036182411e-11	21	0	0	5	9131
SM00864	Tubulin	0.999999999989734	-1.02664036182411e-11	21	0	0	5	9131
SM00050	DISIN	0.999999999989734	-1.02664036182411e-11	21	0	0	5	9131
SM00220	S_TKc	0.999999999989878	-1.01221691640342e-11	268	0	0	5	9131
SM00249	PHD	0.999999999990674	-9.32585342576316e-12	91	0	0	5	9131
SM00431	SCAN	0.999999999990841	-9.15894973279289e-12	53	0	0	5	9131
SM00468	PreSET	0.999999999991389	-8.61127976107483e-12	5	0	0	5	9131
SM00363	S4	0.999999999991389	-8.61127976107483e-12	5	0	0	5	9131
SM00878	Biotin_carb_C	0.999999999991389	-8.61127976107483e-12	5	0	0	5	9131
SM00404	PTPc_motif	0.999999999991389	-8.61127976107483e-12	5	0	0	5	9131
SM00891	ERCC4	0.999999999991389	-8.61127976107483e-12	5	0	0	5	9131
SM00879	Brix	0.999999999991389	-8.61127976107483e-12	5	0	0	5	9131
SM00484	XPGI	0.999999999991389	-8.61127976107483e-12	5	0	0	5	9131
SM00096	UTG	0.999999999991389	-8.61127976107483e-12	5	0	0	5	9131
SM00541	FYRN	0.999999999991389	-8.61127976107483e-12	5	0	0	5	9131
SM00673	CARP	0.999999999991389	-8.61127976107483e-12	5	0	0	5	9131
SM00991	WHEP-TRS	0.999999999991389	-8.61127976107483e-12	5	0	0	5	9131
SM00602	VPS10	0.999999999991389	-8.61127976107483e-12	5	0	0	5	9131
SM00474	35EXOc	0.999999999991389	-8.61127976107483e-12	5	0	0	5	9131
SM00473	PAN_AP	0.999999999991389	-8.61127976107483e-12	5	0	0	5	9131
SM00572	DZF	0.999999999991389	-8.61127976107483e-12	5	0	0	5	9131
SM00580	PUG	0.999999999991389	-8.61127976107483e-12	5	0	0	5	9131
SM00104	ANATO	0.999999999991389	-8.61127976107483e-12	5	0	0	5	9131
SM00642	Aamy	0.999999999991389	-8.61127976107483e-12	5	0	0	5	9131
SM00517	PolyA	0.999999999991389	-8.61127976107483e-12	5	0	0	5	9131
SM00552	ADEAMc	0.999999999991389	-8.61127976107483e-12	5	0	0	5	9131
SM00527	HMG17	0.999999999991389	-8.61127976107483e-12	5	0	0	5	9131
SM00549	TAFH	0.999999999991389	-8.61127976107483e-12	5	0	0	5	9131
SM00533	MUTSd	0.999999999991389	-8.61127976107483e-12	5	0	0	5	9131
SM00679	CTNS	0.999999999991389	-8.61127976107483e-12	5	0	0	5	9131
SM00750	KIND	0.999999999991389	-8.61127976107483e-12	5	0	0	5	9131
SM00021	DAX	0.999999999991389	-8.61127976107483e-12	5	0	0	5	9131
SM00603	LCCL	0.999999999991389	-8.61127976107483e-12	5	0	0	5	9131
SM00614	ZnF_BED	0.999999999991389	-8.61127976107483e-12	5	0	0	5	9131
SM00279	HhH2	0.999999999991389	-8.61127976107483e-12	5	0	0	5	9131
SM00570	AWS	0.999999999991389	-8.61127976107483e-12	5	0	0	5	9131
SM00872	Alpha-mann_mid	0.999999999991389	-8.61127976107483e-12	5	0	0	5	9131
SM00765	MANEC	0.999999999991389	-8.61127976107483e-12	5	0	0	5	9131
SM00539	NIDO	0.999999999991389	-8.61127976107483e-12	5	0	0	5	9131
SM00510	TFS2M	0.999999999991389	-8.61127976107483e-12	5	0	0	5	9131
SM00734	ZnF_Rad18	0.999999999991389	-8.61127976107483e-12	5	0	0	5	9131
SM00584	TLDc	0.999999999991389	-8.61127976107483e-12	5	0	0	5	9131
SM01015	Arfaptin	0.999999999991389	-8.61127976107483e-12	5	0	0	5	9131
SM01041	BRO1	0.999999999991389	-8.61127976107483e-12	5	0	0	5	9131
SM00592	BRK	0.999999999991389	-8.61127976107483e-12	5	0	0	5	9131
SM00833	CobW_C	0.999999999991389	-8.61127976107483e-12	5	0	0	5	9131
SM00485	XPGN	0.999999999991389	-8.61127976107483e-12	5	0	0	5	9131
SM00264	BAG	0.999999999991389	-8.61127976107483e-12	5	0	0	5	9131
SM00534	MUTSac	0.999999999991389	-8.61127976107483e-12	5	0	0	5	9131
SM00571	DDT	0.999999999991389	-8.61127976107483e-12	5	0	0	5	9131
SM00020	Tryp_SPc	0.999999999991498	-8.50238910793712e-12	113	0	0	5	9131
SM00202	SR	0.999999999991591	-8.40856672659396e-12	23	0	0	5	9131
SM00210	TSPN	0.999999999991591	-8.40856672659396e-12	23	0	0	5	9131
SM00547	ZnF_RBZ	0.999999999991591	-8.40856672659396e-12	23	0	0	5	9131
SM00120	HX	0.999999999991591	-8.40856672659396e-12	23	0	0	5	9131
SM00513	SAP	0.999999999991591	-8.40856672659396e-12	23	0	0	5	9131
SM00008	HormR	0.999999999991591	-8.40856672659396e-12	23	0	0	5	9131
SM00908	Gal-bind_lectin	0.999999999991634	-8.36576352303169e-12	15	0	0	5	9131
SM00800	uDENN	0.999999999991634	-8.36576352303169e-12	15	0	0	5	9131
SM00230	CysPc	0.999999999991634	-8.36576352303169e-12	15	0	0	5	9131
SM00137	MAM	0.999999999991634	-8.36576352303169e-12	15	0	0	5	9131
SM00849	Lactamase_B	0.999999999991634	-8.36576352303169e-12	15	0	0	5	9131
SM00276	GLECT	0.999999999991634	-8.36576352303169e-12	15	0	0	5	9131
SM00698	MORN	0.999999999991634	-8.36576352303169e-12	15	0	0	5	9131
SM00331	PP2C_SIG	0.999999999991634	-8.36576352303169e-12	15	0	0	5	9131
SM00134	LU	0.999999999991634	-8.36576352303169e-12	15	0	0	5	9131
SM00116	CBS	0.999999999991634	-8.36576352303169e-12	15	0	0	5	9131
SM00308	LH2	0.999999999991634	-8.36576352303169e-12	15	0	0	5	9131
SM00135	LY	0.999999999991634	-8.36576352303169e-12	15	0	0	5	9131
SM00149	PLCYc	0.999999999991634	-8.36576352303169e-12	15	0	0	5	9131
SM00498	FH2	0.999999999991634	-8.36576352303169e-12	15	0	0	5	9131
SM00198	SCP	0.999999999991634	-8.36576352303169e-12	15	0	0	5	9131
SM00247	XTALbg	0.999999999991634	-8.36576352303169e-12	15	0	0	5	9131
SM00148	PLCXc	0.999999999991634	-8.36576352303169e-12	15	0	0	5	9131
SM00217	WAP	0.999999999991634	-8.36576352303169e-12	15	0	0	5	9131
SM00253	SOCS	0.999999999991634	-8.36576352303169e-12	15	0	0	5	9131
SM00501	BRIGHT	0.999999999991634	-8.36576352303169e-12	15	0	0	5	9131
SM00360	RRM	0.999999999991838	-8.16180036426083e-12	215	0	0	5	9131
SM00353	HLH	0.999999999992211	-7.7889860215249e-12	114	0	0	5	9131
SM00082	LRRCT	0.999999999992351	-7.64905077282733e-12	90	0	0	5	9131
SM00875	BACK	0.999999999992677	-7.3225435539148e-12	59	0	0	5	9131
SM00449	SPRY	0.999999999992677	-7.3225435539148e-12	59	0	0	5	9131
SM00385	CYCLIN	0.99999999999328	-6.71946930181365e-12	37	0	0	5	9131
SM00204	TGFB	0.99999999999328	-6.71946930181365e-12	37	0	0	5	9131
SM00239	C2	0.999999999993855	-6.14489829501434e-12	135	0	0	5	9131
SM00332	PP2Cc	0.999999999994109	-5.89136143689069e-12	20	0	0	5	9131
SM00865	Tubulin_C	0.999999999994109	-5.89136143689069e-12	20	0	0	5	9131
SM00037	CNX	0.999999999994109	-5.89136143689069e-12	20	0	0	5	9131
SM00055	FCH	0.999999999994109	-5.89136143689069e-12	20	0	0	5	9131
SM01089	Connexin_CCC	0.999999999994109	-5.89136143689069e-12	20	0	0	5	9131
SM00229	RasGEFN	0.999999999994109	-5.89136143689069e-12	20	0	0	5	9131
SM00209	TSP1	0.99999999999417	-5.82957479117476e-12	65	0	0	5	9131
SM00109	C1	0.99999999999417	-5.82957479117476e-12	65	0	0	5	9131
SM00320	WD40	0.999999999994384	-5.61562505059913e-12	267	0	0	5	9131
SM00471	HDc	0.999999999994657	-5.34338095327599e-12	24	0	0	5	9131
SM00960	Robl_LC7	0.999999999995573	-4.42660444313361e-12	3	0	0	5	9131
SM00478	ENDO3c	0.999999999995573	-4.42660444313361e-12	3	0	0	5	9131
SM00981	THUMP	0.999999999995573	-4.42660444313361e-12	3	0	0	5	9131
SM00057	FIMAC	0.999999999995573	-4.42660444313361e-12	3	0	0	5	9131
SM00183	NAT_PEP	0.999999999995573	-4.42660444313361e-12	3	0	0	5	9131
SM00299	CLH	0.999999999995573	-4.42660444313361e-12	3	0	0	5	9131
SM00997	AdoHcyase_NAD	0.999999999995573	-4.42660444313361e-12	3	0	0	5	9131
SM00676	DM10	0.999999999995573	-4.42660444313361e-12	3	0	0	5	9131
SM00773	WGR	0.999999999995573	-4.42660444313361e-12	3	0	0	5	9131
SM01022	ASCH	0.999999999995573	-4.42660444313361e-12	3	0	0	5	9131
SM00444	GYF	0.999999999995573	-4.42660444313361e-12	3	0	0	5	9131
SM00588	NEUZ	0.999999999995573	-4.42660444313361e-12	3	0	0	5	9131
SM00706	TECPR	0.999999999995573	-4.42660444313361e-12	3	0	0	5	9131
SM01083	Cir_N	0.999999999995573	-4.42660444313361e-12	3	0	0	5	9131
SM00996	AdoHcyase	0.999999999995573	-4.42660444313361e-12	3	0	0	5	9131
SM00305	HintC	0.999999999995573	-4.42660444313361e-12	3	0	0	5	9131
SM00553	SEP	0.999999999995573	-4.42660444313361e-12	3	0	0	5	9131
SM00300	ChSh	0.999999999995573	-4.42660444313361e-12	3	0	0	5	9131
SM00162	SAPA	0.999999999995573	-4.42660444313361e-12	3	0	0	5	9131
SM00712	PUR	0.999999999995573	-4.42660444313361e-12	3	0	0	5	9131
SM00309	PAH	0.999999999995573	-4.42660444313361e-12	3	0	0	5	9131
SM00736	CADG	0.999999999995573	-4.42660444313361e-12	3	0	0	5	9131
SM00663	RPOLA_N	0.999999999995573	-4.42660444313361e-12	3	0	0	5	9131
SM00143	PI3K_p85B	0.999999999995573	-4.42660444313361e-12	3	0	0	5	9131
SM00851	MGS	0.999999999995573	-4.42660444313361e-12	3	0	0	5	9131
SM00573	HSA	0.999999999995573	-4.42660444313361e-12	3	0	0	5	9131
SM00094	TR_FER	0.999999999995573	-4.42660444313361e-12	3	0	0	5	9131
SM00594	UAS	0.999999999995573	-4.42660444313361e-12	3	0	0	5	9131
SM00735	ZM	0.999999999995573	-4.42660444313361e-12	3	0	0	5	9131
SM00459	Sorb	0.999999999995573	-4.42660444313361e-12	3	0	0	5	9131
SM00751	BSD	0.999999999995573	-4.42660444313361e-12	3	0	0	5	9131
SM00039	CRF	0.999999999995573	-4.42660444313361e-12	3	0	0	5	9131
SM00652	eIF1a	0.999999999995573	-4.42660444313361e-12	3	0	0	5	9131
SM00723	AMOP	0.999999999995573	-4.42660444313361e-12	3	0	0	5	9131
SM00722	CASH	0.999999999995573	-4.42660444313361e-12	3	0	0	5	9131
SM00306	HintN	0.999999999995573	-4.42660444313361e-12	3	0	0	5	9131
SM00672	CAP10	0.999999999995573	-4.42660444313361e-12	3	0	0	5	9131
SM00916	L51_S25_CI-B8	0.999999999995573	-4.42660444313361e-12	3	0	0	5	9131
SM01020	B2-adapt-app_C	0.999999999995573	-4.42660444313361e-12	3	0	0	5	9131
SM00341	HRDC	0.999999999995573	-4.42660444313361e-12	3	0	0	5	9131
SM00002	PLP	0.999999999995573	-4.42660444313361e-12	3	0	0	5	9131
SM00311	PWI	0.999999999995573	-4.42660444313361e-12	3	0	0	5	9131
SM00836	DALR_1	0.999999999995573	-4.42660444313361e-12	3	0	0	5	9131
SM00535	RIBOc	0.999999999995573	-4.42660444313361e-12	3	0	0	5	9131
SM01051	CAMSAP_CKK	0.999999999995573	-4.42660444313361e-12	3	0	0	5	9131
SM00611	SEC63	0.999999999995573	-4.42660444313361e-12	3	0	0	5	9131
SM01073	CDC48_N	0.999999999995573	-4.42660444313361e-12	3	0	0	5	9131
SM00488	DEXDc2	0.999999999995573	-4.42660444313361e-12	3	0	0	5	9131
SM00931	NOSIC	0.999999999995573	-4.42660444313361e-12	3	0	0	5	9131
SM00272	END	0.999999999995573	-4.42660444313361e-12	3	0	0	5	9131
SM00597	ZnF_TTF	0.999999999995573	-4.42660444313361e-12	3	0	0	5	9131
SM00704	ZnF_CDGSH	0.999999999995573	-4.42660444313361e-12	3	0	0	5	9131
SM00396	ZnF_UBR1	0.999999999995573	-4.42660444313361e-12	3	0	0	5	9131
SM00113	CALCITONIN	0.999999999995573	-4.42660444313361e-12	3	0	0	5	9131
SM00321	WSC	0.999999999995573	-4.42660444313361e-12	3	0	0	5	9131
SM00576	BTP	0.999999999995573	-4.42660444313361e-12	3	0	0	5	9131
SM01065	CBM_2	0.999999999995573	-4.42660444313361e-12	3	0	0	5	9131
SM00265	BH4	0.999999999995573	-4.42660444313361e-12	3	0	0	5	9131
SM00919	Malic_M	0.999999999995573	-4.42660444313361e-12	3	0	0	5	9131
SM00482	POLAc	0.999999999995573	-4.42660444313361e-12	3	0	0	5	9131
SM00985	UBA_e1_C	0.999999999995573	-4.42660444313361e-12	3	0	0	5	9131
SM00006	A4_EXTRA	0.999999999995573	-4.42660444313361e-12	3	0	0	5	9131
SM00233	PH	0.99999999999584	-4.15987455880386e-12	278	0	0	5	9131
SM00433	TOP2c	0.999999999995887	-4.11262223001977e-12	2	0	0	5	9131
SM01096	CPSase_L_D3	0.999999999995887	-4.11262223001977e-12	2	0	0	5	9131
SM00882	CoA_trans	0.999999999995887	-4.11262223001977e-12	2	0	0	5	9131
SM00494	ChtBD2	0.999999999995887	-4.11262223001977e-12	2	0	0	5	9131
SM00559	Ku78	0.999999999995887	-4.11262223001977e-12	2	0	0	5	9131
SM00661	RPOL9	0.999999999995887	-4.11262223001977e-12	2	0	0	5	9131
SM00392	PROF	0.999999999995887	-4.11262223001977e-12	2	0	0	5	9131
SM01002	AlaDh_PNT_C	0.999999999995887	-4.11262223001977e-12	2	0	0	5	9131
SM00657	RPOL4c	0.999999999995887	-4.11262223001977e-12	2	0	0	5	9131
SM00788	Adenylsucc_synt	0.999999999995887	-4.11262223001977e-12	2	0	0	5	9131
SM00581	PSP	0.999999999995887	-4.11262223001977e-12	2	0	0	5	9131
SM00035	CLa	0.999999999995887	-4.11262223001977e-12	2	0	0	5	9131
SM00434	TOP4c	0.999999999995887	-4.11262223001977e-12	2	0	0	5	9131
SM01097	CPSase_sm_chain	0.999999999995887	-4.11262223001977e-12	2	0	0	5	9131
SM00803	TAF	0.999999999995887	-4.11262223001977e-12	2	0	0	5	9131
SM00714	LITAF	0.999999999995887	-4.11262223001977e-12	2	0	0	5	9131
SM01011	AMP_N	0.999999999995887	-4.11262223001977e-12	2	0	0	5	9131
SM00493	TOPRIM	0.999999999995887	-4.11262223001977e-12	2	0	0	5	9131
SM00649	RL11	0.999999999995887	-4.11262223001977e-12	2	0	0	5	9131
SM00853	MutL_C	0.999999999995887	-4.11262223001977e-12	2	0	0	5	9131
SM01000	Aha1_N	0.999999999995887	-4.11262223001977e-12	2	0	0	5	9131
SM01003	AlaDh_PNT_N	0.999999999995887	-4.11262223001977e-12	2	0	0	5	9131
SM00896	FDX-ACB	0.999999999995887	-4.11262223001977e-12	2	0	0	5	9131
SM00684	DM15	0.999999999995887	-4.11262223001977e-12	2	0	0	5	9131
SM00653	eIF2B_5	0.999999999995887	-4.11262223001977e-12	2	0	0	5	9131
SM00638	LPD_N	0.999999999995887	-4.11262223001977e-12	2	0	0	5	9131
SM00732	YqgFc	0.999999999995887	-4.11262223001977e-12	2	0	0	5	9131
SM00525	FES	0.999999999995887	-4.11262223001977e-12	2	0	0	5	9131
SM01076	CG-1	0.999999999995887	-4.11262223001977e-12	2	0	0	5	9131
SM00902	Fe_hyd_SSU	0.999999999995887	-4.11262223001977e-12	2	0	0	5	9131
SM01084	CKS	0.999999999995887	-4.11262223001977e-12	2	0	0	5	9131
SM01070	CDC37_M	0.999999999995887	-4.11262223001977e-12	2	0	0	5	9131
SM00807	AKAP_110	0.999999999995887	-4.11262223001977e-12	2	0	0	5	9131
SM00003	NH	0.999999999995887	-4.11262223001977e-12	2	0	0	5	9131
SM00151	SWIB	0.999999999995887	-4.11262223001977e-12	2	0	0	5	9131
SM00586	ZnF_DBF	0.999999999995887	-4.11262223001977e-12	2	0	0	5	9131
SM00888	EF1_GNE	0.999999999995887	-4.11262223001977e-12	2	0	0	5	9131
SM00915	Jacalin	0.999999999995887	-4.11262223001977e-12	2	0	0	5	9131
SM00178	SAR	0.999999999995887	-4.11262223001977e-12	2	0	0	5	9131
SM00963	SRP54_N	0.999999999995887	-4.11262223001977e-12	2	0	0	5	9131
SM00466	SRA	0.999999999995887	-4.11262223001977e-12	2	0	0	5	9131
SM00731	SprT	0.999999999995887	-4.11262223001977e-12	2	0	0	5	9131
SM00956	RQC	0.999999999995887	-4.11262223001977e-12	2	0	0	5	9131
SM00758	PA14	0.999999999995887	-4.11262223001977e-12	2	0	0	5	9131
SM01028	Beta-TrCP_D	0.999999999995887	-4.11262223001977e-12	2	0	0	5	9131
SM00761	HDAC_interact	0.999999999995887	-4.11262223001977e-12	2	0	0	5	9131
SM00551	ZnF_TAZ	0.999999999995887	-4.11262223001977e-12	2	0	0	5	9131
SM00190	IL4_13	0.999999999995887	-4.11262223001977e-12	2	0	0	5	9131
SM00777	Mad3_BUB1_I	0.999999999995887	-4.11262223001977e-12	2	0	0	5	9131
SM00555	GIT	0.999999999995887	-4.11262223001977e-12	2	0	0	5	9131
SM00756	VKc	0.999999999995887	-4.11262223001977e-12	2	0	0	5	9131
SM00986	UDG	0.999999999995887	-4.11262223001977e-12	2	0	0	5	9131
SM00818	Amelogenin	0.999999999995887	-4.11262223001977e-12	2	0	0	5	9131
SM00792	Agouti	0.999999999995887	-4.11262223001977e-12	2	0	0	5	9131
SM00951	QLQ	0.999999999995887	-4.11262223001977e-12	2	0	0	5	9131
SM00560	LamGL	0.999999999995887	-4.11262223001977e-12	2	0	0	5	9131
SM00937	PCRF	0.999999999995887	-4.11262223001977e-12	2	0	0	5	9131
SM01074	Cdc6_C	0.999999999995887	-4.11262223001977e-12	2	0	0	5	9131
SM01010	AMPKBI	0.999999999995887	-4.11262223001977e-12	2	0	0	5	9131
SM01086	ClpB_D2-small	0.999999999995887	-4.11262223001977e-12	2	0	0	5	9131
SM00193	PTN	0.999999999995887	-4.11262223001977e-12	2	0	0	5	9131
SM00176	RAN	0.999999999995887	-4.11262223001977e-12	2	0	0	5	9131
SM00785	AARP2CN	0.999999999995887	-4.11262223001977e-12	2	0	0	5	9131
SM00839	ELFV_dehydrog	0.999999999995887	-4.11262223001977e-12	2	0	0	5	9131
SM00705	THEG	0.999999999995887	-4.11262223001977e-12	2	0	0	5	9131
SM00029	GASTRIN	0.999999999995887	-4.11262223001977e-12	2	0	0	5	9131
SM01023	BAF	0.999999999995887	-4.11262223001977e-12	2	0	0	5	9131
SM00829	PKS_ER	0.999999999995887	-4.11262223001977e-12	2	0	0	5	9131
SM00804	TAP_C	0.999999999995887	-4.11262223001977e-12	2	0	0	5	9131
SM00873	B3_4	0.999999999995887	-4.11262223001977e-12	2	0	0	5	9131
SM00846	Gp_dh_N	0.999999999995887	-4.11262223001977e-12	2	0	0	5	9131
SM00808	FABD	0.999999999995887	-4.11262223001977e-12	2	0	0	5	9131
SM00993	YL1_C	0.999999999995887	-4.11262223001977e-12	2	0	0	5	9131
SM00860	SMI1_KNR4	0.999999999995887	-4.11262223001977e-12	2	0	0	5	9131
SM00080	LIF_OSM	0.999999999995887	-4.11262223001977e-12	2	0	0	5	9131
SM00682	G2F	0.999999999995887	-4.11262223001977e-12	2	0	0	5	9131
SM01092	CO_deh_flav_C	0.999999999995887	-4.11262223001977e-12	2	0	0	5	9131
SM00126	IL6	0.999999999995887	-4.11262223001977e-12	2	0	0	5	9131
SM00090	RIO	0.999999999995887	-4.11262223001977e-12	2	0	0	5	9131
SM00512	Skp1	0.999999999995887	-4.11262223001977e-12	2	0	0	5	9131
SM00437	TOP1Ac	0.999999999995887	-4.11262223001977e-12	2	0	0	5	9131
SM00650	rADc	0.999999999995887	-4.11262223001977e-12	2	0	0	5	9131
SM00464	LON	0.999999999995887	-4.11262223001977e-12	2	0	0	5	9131
SM00852	MoCF_biosynth	0.999999999995887	-4.11262223001977e-12	2	0	0	5	9131
SM00435	TOPEUc	0.999999999995887	-4.11262223001977e-12	2	0	0	5	9131
SM00978	Tim44	0.999999999995887	-4.11262223001977e-12	2	0	0	5	9131
SM00500	SFM	0.999999999995887	-4.11262223001977e-12	2	0	0	5	9131
SM00635	BID_2	0.999999999995887	-4.11262223001977e-12	2	0	0	5	9131
SM00893	ETF	0.999999999995887	-4.11262223001977e-12	2	0	0	5	9131
SM00812	Alpha_L_fucos	0.999999999995887	-4.11262223001977e-12	2	0	0	5	9131
SM00417	H4	0.999999999995887	-4.11262223001977e-12	2	0	0	5	9131
SM00388	HisKA	0.999999999995887	-4.11262223001977e-12	2	0	0	5	9131
SM00962	SRP54	0.999999999995887	-4.11262223001977e-12	2	0	0	5	9131
SM00436	TOP1Bc	0.999999999995887	-4.11262223001977e-12	2	0	0	5	9131
SM00967	SpoU_sub_bind	0.999999999995887	-4.11262223001977e-12	2	0	0	5	9131
SM00087	PTH	0.999999999995887	-4.11262223001977e-12	2	0	0	5	9131
SM00536	AXH	0.999999999995887	-4.11262223001977e-12	2	0	0	5	9131
SM00030	CLb	0.999999999995887	-4.11262223001977e-12	2	0	0	5	9131
SM00662	RPOLD	0.999999999995887	-4.11262223001977e-12	2	0	0	5	9131
SM01104	CTD	0.999999999995887	-4.11262223001977e-12	2	0	0	5	9131
SM00223	APPLE	0.999999999995887	-4.11262223001977e-12	2	0	0	5	9131
SM01047	C1_4	0.999999999995887	-4.11262223001977e-12	2	0	0	5	9131
SM00685	DM14	0.999999999995887	-4.11262223001977e-12	2	0	0	5	9131
SM00992	YccV-like	0.999999999995887	-4.11262223001977e-12	2	0	0	5	9131
SM00438	ZnF_NFX	0.999999999995887	-4.11262223001977e-12	2	0	0	5	9131
SM00469	WIF	0.999999999995887	-4.11262223001977e-12	2	0	0	5	9131
SM01072	CDC48_2	0.999999999995887	-4.11262223001977e-12	2	0	0	5	9131
SM01008	Ald_Xan_dh_C	0.999999999995887	-4.11262223001977e-12	2	0	0	5	9131
SM00313	PXA	0.999999999995887	-4.11262223001977e-12	2	0	0	5	9131
SM00336	BBOX	0.999999999996039	-3.96143002684987e-12	69	0	0	5	9131
SM00078	IlGF	0.999999999996232	-3.76845508361949e-12	11	0	0	5	9131
SM00244	PHB	0.999999999996232	-3.76845508361949e-12	11	0	0	5	9131
SM00274	FOLN	0.999999999996232	-3.76845508361949e-12	11	0	0	5	9131
SM00310	PTBI	0.999999999996232	-3.76845508361949e-12	11	0	0	5	9131
SM00251	SAM_PNT	0.999999999996232	-3.76845508361949e-12	11	0	0	5	9131
SM00439	BAH	0.999999999996232	-3.76845508361949e-12	11	0	0	5	9131
SM00038	COLFI	0.999999999996232	-3.76845508361949e-12	11	0	0	5	9131
SM00460	TGc	0.999999999996232	-3.76845508361949e-12	11	0	0	5	9131
SM00744	RINGv	0.999999999996232	-3.76845508361949e-12	11	0	0	5	9131
SM00446	LRRcap	0.999999999996232	-3.76845508361949e-12	11	0	0	5	9131
SM00591	RWD	0.999999999996232	-3.76845508361949e-12	11	0	0	5	9131
SM00526	H15	0.999999999996253	-3.74715535401839e-12	13	0	0	5	9131
SM00569	L27	0.999999999996253	-3.74715535401839e-12	13	0	0	5	9131
SM00721	BAR	0.999999999996253	-3.74715535401839e-12	13	0	0	5	9131
SM00059	FN2	0.999999999996253	-3.74715535401839e-12	13	0	0	5	9131
SM00284	OLF	0.999999999996253	-3.74715535401839e-12	13	0	0	5	9131
SM00335	ANX	0.999999999996253	-3.74715535401839e-12	13	0	0	5	9131
SM00645	Pept_C1	0.999999999996253	-3.74715535401839e-12	13	0	0	5	9131
SM00115	CASc	0.999999999996253	-3.74715535401839e-12	13	0	0	5	9131
SM00156	PP2Ac	0.999999999996253	-3.74715535401839e-12	13	0	0	5	9131
SM00032	CCP	0.999999999996892	-3.1080633595616e-12	55	0	0	5	9131
SM00133	S_TK_X	0.999999999996892	-3.1080633595616e-12	55	0	0	5	9131
SM00612	Kelch	0.999999999996892	-3.1080633595616e-12	55	0	0	5	9131
SM00063	FRI	0.999999999998979	-1.02093569358478e-12	19	0	0	5	9131
SM00414	H2A	0.999999999998979	-1.02093569358478e-12	19	0	0	5	9131
SM00608	ACR	0.999999999998979	-1.02093569358478e-12	19	0	0	5	9131
SM00291	ZnF_ZZ	0.999999999998979	-1.02093569358478e-12	19	0	0	5	9131
SM00097	WNT1	0.999999999998979	-1.02093569358478e-12	19	0	0	5	9131
SM00191	Int_alpha	0.999999999998979	-1.02093569358478e-12	19	0	0	5	9131
SM00358	DSRM	0.999999999998979	-1.02093569358478e-12	19	0	0	5	9131
SM00208	TNFR	1.00000000000033	3.33664613283107e-13	26	0	0	5	9131
SM00086	PAC	1.00000000000033	3.33664613283107e-13	26	0	0	5	9131
SM00005	DEATH	1.00000000000033	3.33664613283107e-13	26	0	0	5	9131
SM00072	GuKc	1.00000000000033	3.33664613283107e-13	26	0	0	5	9131
SM00136	LamNT	1.00000000000064	6.4365609673898e-13	16	0	0	5	9131
SM00275	G_alpha	1.00000000000064	6.4365609673898e-13	16	0	0	5	9131
SM00427	H2B	1.00000000000064	6.4365609673898e-13	16	0	0	5	9131
SM00222	Sec7	1.00000000000064	6.4365609673898e-13	16	0	0	5	9131
SM00801	dDENN	1.00000000000064	6.4365609673898e-13	16	0	0	5	9131
SM00799	DENN	1.00000000000064	6.4365609673898e-13	16	0	0	5	9131
SM00130	KR	1.00000000000064	6.4365609673898e-13	16	0	0	5	9131
SM00088	PINT	1.00000000000064	6.4365609673898e-13	16	0	0	5	9131
SM00293	PWWP	1.00000000000064	6.4365609673898e-13	16	0	0	5	9131
SM00352	POU	1.00000000000064	6.4365609673898e-13	16	0	0	5	9131
SM00114	CARD	1.00000000000064	6.4365609673898e-13	16	0	0	5	9131
SM00568	GRAM	1.00000000000064	6.4365609673898e-13	16	0	0	5	9131
SM00724	TLC	1.00000000000064	6.4365609673898e-13	16	0	0	5	9131
SM00913	IBN_N	1.00000000000064	6.4365609673898e-13	16	0	0	5	9131
SM00146	PI3Kc	1.00000000000064	6.4365609673898e-13	16	0	0	5	9131
SM00324	RhoGAP	1.0000000000009	8.98763483655667e-13	64	0	0	5	9131
SM00175	RAB	1.0000000000009	8.98763483655667e-13	64	0	0	5	9131
SM00356	ZnF_C3H1	1.00000000000155	1.55015978096682e-12	44	0	0	5	9131
SM00129	KISc	1.00000000000155	1.55015978096682e-12	44	0	0	5	9131
SM00213	UBQ	1.00000000000155	1.55015978096682e-12	44	0	0	5	9131
SM00195	DSPc	1.00000000000196	1.95810933755767e-12	29	0	0	5	9131
SM00235	ZnMc	1.00000000000196	1.95810933755767e-12	29	0	0	5	9131
SM00064	FYVE	1.00000000000196	1.95810933755767e-12	29	0	0	5	9131
SM00413	ETS	1.00000000000196	1.95810933755767e-12	29	0	0	5	9131
SM00185	ARM	1.00000000000196	1.95810933755767e-12	29	0	0	5	9131
SM00186	FBG	1.00000000000196	1.95810933755767e-12	29	0	0	5	9131
SM00112	CA	1.0000000000026	2.59713234798764e-12	115	0	0	5	9131
SM00343	ZnF_C2HC	1.00000000000345	3.45013743912002e-12	41	0	0	5	9131
SM00180	EGF_Lam	1.00000000000381	3.80515258558666e-12	34	0	0	5	9131
SM00100	cNMP	1.00000000000381	3.80515258558666e-12	34	0	0	5	9131
SM00315	RGS	1.00000000000381	3.80515258558666e-12	34	0	0	5	9131
SM00832	C8	1.00000000000412	4.11694177568829e-12	14	0	0	5	9131
SM00069	GLA	1.00000000000412	4.11694177568829e-12	14	0	0	5	9131
SM00285	PBD	1.00000000000412	4.11694177568829e-12	14	0	0	5	9131
SM00241	ZP	1.00000000000412	4.11694177568829e-12	14	0	0	5	9131
SM00666	PB1	1.00000000000412	4.11694177568829e-12	14	0	0	5	9131
SM00200	SEA	1.00000000000412	4.11694177568829e-12	14	0	0	5	9131
SM00615	EPH_lbd	1.00000000000412	4.11694177568829e-12	14	0	0	5	9131
SM00445	LINK	1.00000000000412	4.11694177568829e-12	14	0	0	5	9131
SM00246	WH2	1.00000000000412	4.11694177568829e-12	14	0	0	5	9131
SM00323	RasGAP	1.00000000000412	4.11694177568829e-12	14	0	0	5	9131
SM00643	C345C	1.00000000000412	4.11694177568829e-12	14	0	0	5	9131
SM00046	DAGKc	1.00000000000412	4.11694177568829e-12	14	0	0	5	9131
SM00647	IBR	1.00000000000412	4.11694177568829e-12	14	0	0	5	9131
SM00502	BBC	1.00000000000412	4.11694177568829e-12	14	0	0	5	9131
SM00227	NEBU	1.0000000000042	4.20045895405243e-12	4	0	0	5	9131
SM00188	IL10	1.0000000000042	4.20045895405243e-12	4	0	0	5	9131
SM00197	SAA	1.0000000000042	4.20045895405243e-12	4	0	0	5	9131
SM01053	CaMBD	1.0000000000042	4.20045895405243e-12	4	0	0	5	9131
SM00540	LEM	1.0000000000042	4.20045895405243e-12	4	0	0	5	9131
SM00426	TEA	1.0000000000042	4.20045895405243e-12	4	0	0	5	9131
SM01046	c-SKI_SMAD_bind	1.0000000000042	4.20045895405243e-12	4	0	0	5	9131
SM00701	PGRP	1.0000000000042	4.20045895405243e-12	4	0	0	5	9131
SM01007	Aldolase_II	1.0000000000042	4.20045895405243e-12	4	0	0	5	9131
SM01027	Beta-Casp	1.0000000000042	4.20045895405243e-12	4	0	0	5	9131
SM00737	ML	1.0000000000042	4.20045895405243e-12	4	0	0	5	9131
SM00243	GAS2	1.0000000000042	4.20045895405243e-12	4	0	0	5	9131
SM00664	DoH	1.0000000000042	4.20045895405243e-12	4	0	0	5	9131
SM00361	RRM_1	1.0000000000042	4.20045895405243e-12	4	0	0	5	9131
SM00542	FYRC	1.0000000000042	4.20045895405243e-12	4	0	0	5	9131
SM00753	PAM	1.0000000000042	4.20045895405243e-12	4	0	0	5	9131
SM00266	CAD	1.0000000000042	4.20045895405243e-12	4	0	0	5	9131
SM00733	Mterf	1.0000000000042	4.20045895405243e-12	4	0	0	5	9131
SM00051	DSL	1.0000000000042	4.20045895405243e-12	4	0	0	5	9131
SM00973	Sec63	1.0000000000042	4.20045895405243e-12	4	0	0	5	9131
SM00307	ILWEQ	1.0000000000042	4.20045895405243e-12	4	0	0	5	9131
SM00632	Aamy_C	1.0000000000042	4.20045895405243e-12	4	0	0	5	9131
SM00644	Ami_2	1.0000000000042	4.20045895405243e-12	4	0	0	5	9131
SM00359	PUA	1.0000000000042	4.20045895405243e-12	4	0	0	5	9131
SM00889	EFG_IV	1.0000000000042	4.20045895405243e-12	4	0	0	5	9131
SM00554	FAS1	1.0000000000042	4.20045895405243e-12	4	0	0	5	9131
SM00491	HELICc2	1.0000000000042	4.20045895405243e-12	4	0	0	5	9131
SM00483	POLXc	1.0000000000042	4.20045895405243e-12	4	0	0	5	9131
SM00678	WWE	1.0000000000042	4.20045895405243e-12	4	0	0	5	9131
SM00476	DNaseIc	1.0000000000042	4.20045895405243e-12	4	0	0	5	9131
SM00152	THY	1.0000000000042	4.20045895405243e-12	4	0	0	5	9131
SM00058	FN1	1.0000000000042	4.20045895405243e-12	4	0	0	5	9131
SM00103	ALBUMIN	1.0000000000042	4.20045895405243e-12	4	0	0	5	9131
SM00520	BASIC	1.0000000000042	4.20045895405243e-12	4	0	0	5	9131
SM00140	NGF	1.0000000000042	4.20045895405243e-12	4	0	0	5	9131
SM00259	ZnF_A20	1.0000000000042	4.20045895405243e-12	4	0	0	5	9131
SM00025	Pumilio	1.0000000000042	4.20045895405243e-12	4	0	0	5	9131
SM00098	alkPPc	1.0000000000042	4.20045895405243e-12	4	0	0	5	9131
SM00486	POLBc	1.0000000000042	4.20045895405243e-12	4	0	0	5	9131
SM00711	TDU	1.0000000000042	4.20045895405243e-12	4	0	0	5	9131
SM00694	DysFC	1.0000000000042	4.20045895405243e-12	4	0	0	5	9131
SM00206	NTR	1.0000000000042	4.20045895405243e-12	4	0	0	5	9131
SM00693	DysFN	1.0000000000042	4.20045895405243e-12	4	0	0	5	9131
SM00252	SH2	1.00000000000562	5.61900878442781e-12	112	0	0	5	9131
SM00207	TNF	1.0000000000057	5.70241309785727e-12	18	0	0	5	9131
SM00121	IB	1.0000000000057	5.70241309785727e-12	18	0	0	5	9131
SM00831	Cation_ATPase_N	1.0000000000057	5.70241309785727e-12	18	0	0	5	9131
SM00261	FU	1.0000000000057	5.70241309785727e-12	18	0	0	5	9131
SM00387	HATPase_c	1.0000000000057	5.70241309785727e-12	18	0	0	5	9131
SM00044	CYCc	1.0000000000057	5.70241309785727e-12	18	0	0	5	9131
SM00079	PBPe	1.0000000000057	5.70241309785727e-12	18	0	0	5	9131
SM00847	HA2	1.0000000000057	5.70241309785727e-12	18	0	0	5	9131
SM00014	acidPPc	1.0000000000057	5.70241309785727e-12	18	0	0	5	9131
SM00918	Lig_chan-Glu_bd	1.0000000000057	5.70241309785727e-12	18	0	0	5	9131
SM00042	CUB	1.00000000000632	6.32179314942861e-12	49	0	0	5	9131
SM00589	PRY	1.00000000000632	6.32179314942861e-12	49	0	0	5	9131
SM00717	SANT	1.00000000000632	6.32179314942861e-12	49	0	0	5	9131
SM00271	DnaJ	1.00000000000632	6.32179314942861e-12	49	0	0	5	9131
SM00164	TBC	1.00000000000632	6.32179314942861e-12	49	0	0	5	9131
SM00194	PTPc	1.00000000000658	6.58110021769293e-12	36	0	0	5	9131
SM00093	SERPIN	1.00000000000658	6.58110021769293e-12	36	0	0	5	9131
SM00802	UME	1.0000000000066	6.60441395582828e-12	1	0	0	5	9131
SM00743	Agenet	1.0000000000066	6.60441395582828e-12	1	0	0	5	9131
SM01031	BHD_2	1.0000000000066	6.60441395582828e-12	1	0	0	5	9131
SM00929	NADH-G_4Fe-4S_3	1.0000000000066	6.60441395582828e-12	1	0	0	5	9131
SM00550	Zalpha	1.0000000000066	6.60441395582828e-12	1	0	0	5	9131
SM00941	PYNP_C	1.0000000000066	6.60441395582828e-12	1	0	0	5	9131
SM01082	CHZ	1.0000000000066	6.60441395582828e-12	1	0	0	5	9131
SM00928	NADH_4Fe-4S	1.0000000000066	6.60441395582828e-12	1	0	0	5	9131
SM00071	Galanin	1.0000000000066	6.60441395582828e-12	1	0	0	5	9131
SM00904	Flavokinase	1.0000000000066	6.60441395582828e-12	1	0	0	5	9131
SM00738	NGN	1.0000000000066	6.60441395582828e-12	1	0	0	5	9131
SM01071	CDC37_N	1.0000000000066	6.60441395582828e-12	1	0	0	5	9131
SM00990	VRR_NUC	1.0000000000066	6.60441395582828e-12	1	0	0	5	9131
SM00254	ShKT	1.0000000000066	6.60441395582828e-12	1	0	0	5	9131
SM00934	OMPdecase	1.0000000000066	6.60441395582828e-12	1	0	0	5	9131
SM00995	AD	1.0000000000066	6.60441395582828e-12	1	0	0	5	9131
SM00870	Asparaginase	1.0000000000066	6.60441395582828e-12	1	0	0	5	9131
SM01032	BHD_3	1.0000000000066	6.60441395582828e-12	1	0	0	5	9131
SM01077	Cg6151-P	1.0000000000066	6.60441395582828e-12	1	0	0	5	9131
SM00530	HTH_XRE	1.0000000000066	6.60441395582828e-12	1	0	0	5	9131
SM01001	AIRC	1.0000000000066	6.60441395582828e-12	1	0	0	5	9131
SM01030	BHD_1	1.0000000000066	6.60441395582828e-12	1	0	0	5	9131
SM00127	IL7	1.0000000000066	6.60441395582828e-12	1	0	0	5	9131
SM00521	CBF	1.0000000000066	6.60441395582828e-12	1	0	0	5	9131
SM00189	IL2	1.0000000000066	6.60441395582828e-12	1	0	0	5	9131
SM00983	TPK_B1_binding	1.0000000000066	6.60441395582828e-12	1	0	0	5	9131
SM00752	HTTM	1.0000000000066	6.60441395582828e-12	1	0	0	5	9131
SM01102	CRM1_C	1.0000000000066	6.60441395582828e-12	1	0	0	5	9131
SM00898	Fapy_DNA_glyco	1.0000000000066	6.60441395582828e-12	1	0	0	5	9131
SM00567	EZ_HEAT	1.0000000000066	6.60441395582828e-12	1	0	0	5	9131
SM00538	POP4	1.0000000000066	6.60441395582828e-12	1	0	0	5	9131
SM01044	Btz	1.0000000000066	6.60441395582828e-12	1	0	0	5	9131
SM01013	APC2	1.0000000000066	6.60441395582828e-12	1	0	0	5	9131
SM00762	Cog4	1.0000000000066	6.60441395582828e-12	1	0	0	5	9131
SM00932	Nfu_N	1.0000000000066	6.60441395582828e-12	1	0	0	5	9131
SM01016	Arg_tRNA_synt_N	1.0000000000066	6.60441395582828e-12	1	0	0	5	9131
SM00845	GatB_Yqey	1.0000000000066	6.60441395582828e-12	1	0	0	5	9131
SM00946	ProRS-C_1	1.0000000000066	6.60441395582828e-12	1	0	0	5	9131
SM00084	NMU	1.0000000000066	6.60441395582828e-12	1	0	0	5	9131
SM00654	eIF6	1.0000000000066	6.60441395582828e-12	1	0	0	5	9131
SM00277	GRAN	1.0000000000066	6.60441395582828e-12	1	0	0	5	9131
SM00874	B5	1.0000000000066	6.60441395582828e-12	1	0	0	5	9131
SM00798	AICARFT_IMPCHas	1.0000000000066	6.60441395582828e-12	1	0	0	5	9131
SM01004	ALAD	1.0000000000066	6.60441395582828e-12	1	0	0	5	9131
SM00019	SF_P	1.0000000000066	6.60441395582828e-12	1	0	0	5	9131
SM01033	BING4CT	1.0000000000066	6.60441395582828e-12	1	0	0	5	9131
SM01075	CDT1	1.0000000000066	6.60441395582828e-12	1	0	0	5	9131
SM00910	HIRAN	1.0000000000066	6.60441395582828e-12	1	0	0	5	9131
SM00780	PIG-X	1.0000000000066	6.60441395582828e-12	1	0	0	5	9131
SM01085	CK_II_beta	1.0000000000066	6.60441395582828e-12	1	0	0	5	9131
SM00203	TK	1.0000000000066	6.60441395582828e-12	1	0	0	5	9131
SM00613	PAW	1.0000000000066	6.60441395582828e-12	1	0	0	5	9131
SM00976	Telo_bind	1.0000000000066	6.60441395582828e-12	1	0	0	5	9131
SM01035	BOP1NT	1.0000000000066	6.60441395582828e-12	1	0	0	5	9131
SM00226	LMWPc	1.0000000000066	6.60441395582828e-12	1	0	0	5	9131
SM00507	HNHc	1.0000000000066	6.60441395582828e-12	1	0	0	5	9131
SM00709	Zpr1	1.0000000000066	6.60441395582828e-12	1	0	0	5	9131
SM01060	Catalase	1.0000000000066	6.60441395582828e-12	1	0	0	5	9131
SM00881	CoA_binding	1.0000000000066	6.60441395582828e-12	1	0	0	5	9131
SM00817	Amelin	1.0000000000066	6.60441395582828e-12	1	0	0	5	9131
SM00944	Pro-kuma_activ	1.0000000000066	6.60441395582828e-12	1	0	0	5	9131
SM00017	OSTEO	1.0000000000066	6.60441395582828e-12	1	0	0	5	9131
SM00040	CSF2	1.0000000000066	6.60441395582828e-12	1	0	0	5	9131
SM01036	BP28CT	1.0000000000066	6.60441395582828e-12	1	0	0	5	9131
SM01069	CDC37_C	1.0000000000066	6.60441395582828e-12	1	0	0	5	9131
SM00719	Plus3	1.0000000000066	6.60441395582828e-12	1	0	0	5	9131
SM00318	SNc	1.0000000000066	6.60441395582828e-12	1	0	0	5	9131
SM00975	Telomerase_RBD	1.0000000000066	6.60441395582828e-12	1	0	0	5	9131
SM00575	ZnF_PMZ	1.0000000000066	6.60441395582828e-12	1	0	0	5	9131
SM01087	COG6	1.0000000000066	6.60441395582828e-12	1	0	0	5	9131
SM00095	TR_THY	1.0000000000066	6.60441395582828e-12	1	0	0	5	9131
SM00998	ADSL_C	1.0000000000066	6.60441395582828e-12	1	0	0	5	9131
SM00748	HEPN	1.0000000000066	6.60441395582828e-12	1	0	0	5	9131
SM01098	CPSF73-100_C	1.0000000000066	6.60441395582828e-12	1	0	0	5	9131
SM00754	CHRD	1.0000000000066	6.60441395582828e-12	1	0	0	5	9131
SM00067	GHA	1.0000000000066	6.60441395582828e-12	1	0	0	5	9131
SM00023	COLIPASE	1.0000000000066	6.60441395582828e-12	1	0	0	5	9131
SM00289	WR1	1.0000000000066	6.60441395582828e-12	1	0	0	5	9131
SM00531	TFIIE	1.0000000000066	6.60441395582828e-12	1	0	0	5	9131
SM00157	PRP	1.0000000000066	6.60441395582828e-12	1	0	0	5	9131
SM00984	UDPG_MGDP_dh_C	1.0000000000066	6.60441395582828e-12	1	0	0	5	9131
SM00658	RPOL8c	1.0000000000066	6.60441395582828e-12	1	0	0	5	9131
SM01024	BCS1_N	1.0000000000066	6.60441395582828e-12	1	0	0	5	9131
SM00883	Cpn10	1.0000000000066	6.60441395582828e-12	1	0	0	5	9131
SM00659	RPOLCX	1.0000000000066	6.60441395582828e-12	1	0	0	5	9131
SM01018	B12-binding_2	1.0000000000066	6.60441395582828e-12	1	0	0	5	9131
SM00922	MR_MLE	1.0000000000066	6.60441395582828e-12	1	0	0	5	9131
SM00805	AGTRAP	1.0000000000066	6.60441395582828e-12	1	0	0	5	9131
SM00245	TSPc	1.0000000000066	6.60441395582828e-12	1	0	0	5	9131
SM00858	SAF	1.0000000000066	6.60441395582828e-12	1	0	0	5	9131
SM00784	SPT2	1.0000000000066	6.60441395582828e-12	1	0	0	5	9131
SM00822	PKS_KR	1.0000000000066	6.60441395582828e-12	1	0	0	5	9131
SM00036	CNH	1.00000000000701	7.00782270271526e-12	10	0	0	5	9131
SM00755	Grip	1.00000000000701	7.00782270271526e-12	10	0	0	5	9131
SM00102	ADF	1.00000000000701	7.00782270271526e-12	10	0	0	5	9131
SM00027	EH	1.00000000000701	7.00782270271526e-12	10	0	0	5	9131
SM00128	IPPc	1.00000000000701	7.00782270271526e-12	10	0	0	5	9131
SM00472	MIR	1.00000000000701	7.00782270271526e-12	10	0	0	5	9131
SM00855	PGAM	1.00000000000701	7.00782270271526e-12	10	0	0	5	9131
SM01052	CAP_GLY	1.00000000000701	7.00782270271526e-12	10	0	0	5	9131
SM00562	NDK	1.00000000000701	7.00782270271526e-12	10	0	0	5	9131
SM00085	PA2c	1.00000000000701	7.00782270271526e-12	10	0	0	5	9131
SM01017	Arrestin_C	1.00000000000701	7.00782270271526e-12	10	0	0	5	9131
SM00557	IG_FLMN	1.00000000000701	7.00782270271526e-12	10	0	0	5	9131
SM00045	DAGKa	1.00000000000701	7.00782270271526e-12	10	0	0	5	9131
SM00745	MIT	1.00000000000701	7.00782270271526e-12	10	0	0	5	9131
SM00132	LIM	1.00000000000769	7.69323719004436e-12	72	0	0	5	9131
SM00407	IGc1	1.00000000000779	7.79431672219662e-12	40	0	0	5	9131
SM00326	SH3	1.0000000000082	8.19506168633749e-12	217	0	0	5	9131
SM00015	IQ	1.00000000000853	8.53490473722488e-12	85	0	0	5	9131
SM00228	PDZ	1.00000000000922	9.22267279956424e-12	149	0	0	5	9131
SM00295	B41	1.0000000000099	9.90209225564396e-12	51	0	0	5	9131
SM00232	JAB_MPN	1.00000000001245	1.24474668309531e-11	12	0	0	5	9131
SM00160	RanBD	1.00000000001245	1.24474668309531e-11	12	0	0	5	9131
SM00692	DM3	1.00000000001245	1.24474668309531e-11	12	0	0	5	9131
SM00720	calpain_III	1.00000000001245	1.24474668309531e-11	12	0	0	5	9131
SM00980	THAP	1.00000000001245	1.24474668309531e-11	12	0	0	5	9131
SM00674	CENPB	1.00000000001245	1.24474668309531e-11	12	0	0	5	9131
SM00234	START	1.00000000001245	1.24474668309531e-11	12	0	0	5	9131
SM00479	EXOIII	1.00000000001245	1.24474668309531e-11	12	0	0	5	9131
SM00316	S1	1.00000000001245	1.24474668309531e-11	12	0	0	5	9131
SM00457	MACPF	1.00000000001245	1.24474668309531e-11	12	0	0	5	9131
SM00401	ZnF_GATA	1.00000000001245	1.24474668309531e-11	12	0	0	5	9131
SM00166	UBX	1.00000000001245	1.24474668309531e-11	12	0	0	5	9131
SM01100	CRAL_TRIO_N	1.00000000001245	1.24474668309531e-11	12	0	0	5	9131
SM00523	DWA	1.00000000001245	1.24474668309531e-11	12	0	0	5	9131
SM00061	MATH	1.00000000001245	1.24474668309531e-11	12	0	0	5	9131
SM00442	FGF	1.00000000001302	1.30214385639351e-11	22	0	0	5	9131
SM00397	t_SNARE	1.00000000001302	1.30214385639351e-11	22	0	0	5	9131
SM00177	ARF	1.00000000001302	1.30214385639351e-11	22	0	0	5	9131
SM00292	BRCT	1.00000000001302	1.30214385639351e-11	22	0	0	5	9131
SM00443	G_patch	1.00000000001302	1.30214385639351e-11	22	0	0	5	9131
SM00406	IGv	1.00000000001302	1.30214385639351e-11	22	0	0	5	9131
SM00450	RHOD	1.00000000001302	1.30214385639351e-11	22	0	0	5	9131
SM00199	SCY	1.00000000001513	1.51264963867579e-11	43	0	0	5	9131
SM00297	BROMO	1.00000000001513	1.51264963867579e-11	43	0	0	5	9131
SM00312	PX	1.00000000001513	1.51264963867579e-11	43	0	0	5	9131
SM00028	TPR	1.00000000001567	1.56682840328101e-11	93	0	0	5	9131
SM00456	WW	1.00000000001916	1.91567014641952e-11	47	0	0	5	9131
SM00409	IG	1.00000000001916	1.91638653091032e-11	340	0	0	5	9131
SM00105	ArfGap	1.00000000002046	2.04557471836625e-11	28	0	0	5	9131
SM00240	FHA	1.00000000002046	2.04557471836625e-11	28	0	0	5	9131
SM00667	LisH	1.00000000002046	2.04557471836625e-11	28	0	0	5	9131
SM00147	RasGEF	1.00000000002046	2.04557471836625e-11	28	0	0	5	9131
SM00033	CH	1.00000000002129	2.12944147990299e-11	66	0	0	5	9131
SM00325	RhoGEF	1.00000000002129	2.12944147990299e-11	66	0	0	5	9131
SM00630	Sema	1.00000000002961	2.96063501969894e-11	30	0	0	5	9131
SM00165	UBA	1.00000000002961	2.96063501969894e-11	30	0	0	5	9131
