TermID	Term	Enrichment	logP	Genes in Term	Target Genes in Term	Fraction of Targets in Term	Total Target Genes	Total Genes	Entrez Gene IDs	Gene Symbols
PR01285	HMRNUCRECPTR	0.000420256356368384	-7.7746456605826	1	1	0.5	2	4759	3164	NR4A1
PR01284	NUCLEARECPTR	0.00126050409032427	-6.67624356634016	3	1	0.5	2	4759	3164	NR4A1
PR00422	TRANSFERRIN	0.00126050409032427	-6.67624356634016	3	1	0.5	2	4759	4241	MFI2
PR00047	STROIDFINGER	0.0192403747115117	-3.95074435828393	46	1	0.5	2	4759	3164	NR4A1
PR00398	STRDHORMONER	0.0196565680598196	-3.92934374410864	47	1	0.5	2	4759	3164	NR4A1
PR00926	MITOCARRIER	0.999999999990356	-9.64399470926389e-12	27	0	0	2	4759
PR01276	TYPE2KERATIN	0.999999999990356	-9.64399470926389e-12	27	0	0	2	4759
PR00328	SAR1GTPBP	0.999999999990356	-9.64399470926389e-12	27	0	0	2	4759
PR01491	KVCHANNEL	0.999999999990356	-9.64399470926389e-12	27	0	0	2	4759
PR00722	CHYMOTRYPSIN	0.999999999991141	-8.85869047388688e-12	105	0	0	2	4759
PR00463	EP450I	0.999999999993717	-6.28269405087995e-12	42	0	0	2	4759
PR01084	NAHEXCHNGR	0.999999999994234	-5.76579208809186e-12	9	0	0	2	4759
PR00267	INTFRNREGFCT	0.999999999994234	-5.76579208809186e-12	9	0	0	2	4759
PR01638	MHCCLASSI	0.999999999994234	-5.76579208809186e-12	9	0	0	2	4759
PR00465	EP450IV	0.999999999994234	-5.76579208809186e-12	9	0	0	2	4759
PR00371	FPNCR	0.999999999994234	-5.76579208809186e-12	9	0	0	2	4759
PR00762	CLCHANNEL	0.999999999994234	-5.76579208809186e-12	9	0	0	2	4759
PR01078	AMINACHANNEL	0.999999999994234	-5.76579208809186e-12	9	0	0	2	4759
PR00167	CACHANNEL	0.999999999994234	-5.76579208809186e-12	9	0	0	2	4759
PR01163	BETATUBULIN	0.999999999994234	-5.76579208809186e-12	9	0	0	2	4759
PR01103	ADRENERGICR	0.999999999994234	-5.76579208809186e-12	9	0	0	2	4759
PR01243	NUCDPKINASE	0.999999999994234	-5.76579208809186e-12	9	0	0	2	4759
PR00027	PAIREDBOX	0.999999999994234	-5.76579208809186e-12	9	0	0	2	4759
PR00389	PHPHLIPASEA2	0.999999999994234	-5.76579208809186e-12	9	0	0	2	4759
PR02108	MRGPCRFAMILY	0.999999999994234	-5.76579208809186e-12	9	0	0	2	4759
PR01101	5HTRECEPTOR	0.999999999994234	-5.76579208809186e-12	9	0	0	2	4759
PR00262	IL1HBGF	0.99999999999476	-5.24039721732099e-12	23	0	0	2	4759
PR00190	ACTIN	0.99999999999476	-5.24039721732099e-12	23	0	0	2	4759
PR00253	GABAARECEPTR	0.99999999999476	-5.24039721732099e-12	23	0	0	2	4759
PR00138	MATRIXIN	0.99999999999476	-5.24039721732099e-12	23	0	0	2	4759
PR00261	LDLRECEPTOR	0.99999999999476	-5.24039721732099e-12	23	0	0	2	4759
PR01185	INTEGRINA	0.999999999995009	-4.99149580480594e-12	18	0	0	2	4759
PR00263	HBGFFGF	0.999999999995009	-4.99149580480594e-12	18	0	0	2	4759
PR00177	NMDARECEPTOR	0.999999999995009	-4.99149580480594e-12	18	0	0	2	4759
PR00399	SYNAPTOTAGMN	0.999999999995009	-4.99149580480594e-12	18	0	0	2	4759
PR00405	REVINTRACTNG	0.999999999995149	-4.85117203569488e-12	28	0	0	2	4759
PR00454	ETSDOMAIN	0.999999999995149	-4.85117203569488e-12	28	0	0	2	4759
PR01908	ADSPHPHTASE	0.999999999995165	-4.83499421970429e-12	13	0	0	2	4759
PR00196	ANNEXIN	0.999999999995165	-4.83499421970429e-12	13	0	0	2	4759
PR00437	SMALLCYTKCXC	0.999999999995165	-4.83499421970429e-12	13	0	0	2	4759
PR00301	HEATSHOCK70	0.999999999995165	-4.83499421970429e-12	13	0	0	2	4759
PR00321	GPROTEING	0.999999999995165	-4.83499421970429e-12	13	0	0	2	4759
PR00114	STPHPHTASE	0.999999999995165	-4.83499421970429e-12	13	0	0	2	4759
PR00289	DISINTEGRIN	0.999999999995165	-4.83499421970429e-12	13	0	0	2	4759
PR00360	C2DOMAIN	0.999999999995622	-4.37796386599729e-12	24	0	0	2	4759
PR01857	ADAMTSFAMILY	0.999999999995622	-4.37796386599729e-12	24	0	0	2	4759
PR00625	JDOMAIN	0.999999999995785	-4.21532112600959e-12	40	0	0	2	4759
PR00080	SDRFAMILY	0.999999999995785	-4.21532112600959e-12	40	0	0	2	4759
PR00131	GLHYDRLASE1	0.999999999996132	-3.86786092370379e-12	5	0	0	2	4759
PR01206	ORPHTRNSPORT	0.999999999996132	-3.86786092370379e-12	5	0	0	2	4759
PR00050	COLDSHOCK	0.999999999996132	-3.86786092370379e-12	5	0	0	2	4759
PR00764	COMPLEMENTC9	0.999999999996132	-3.86786092370379e-12	5	0	0	2	4759
PR00402	TECBTKDOMAIN	0.999999999996132	-3.86786092370379e-12	5	0	0	2	4759
PR00243	MUSCARINICR	0.999999999996132	-3.86786092370379e-12	5	0	0	2	4759
PR00925	NONHISHMG17	0.999999999996132	-3.86786092370379e-12	5	0	0	2	4759
PR01523	S1PRECEPTOR	0.999999999996132	-3.86786092370379e-12	5	0	0	2	4759
PR00246	SOMATOSTATNR	0.999999999996132	-3.86786092370379e-12	5	0	0	2	4759
PR01360	INTRLEUKIN1X	0.999999999996132	-3.86786092370379e-12	5	0	0	2	4759
PR00896	VASOPRESSINR	0.999999999996132	-3.86786092370379e-12	5	0	0	2	4759
PR00120	HATPASE	0.999999999996132	-3.86786092370379e-12	5	0	0	2	4759
PR01267	GSTRNSFRASEM	0.999999999996132	-3.86786092370379e-12	5	0	0	2	4759
PR01850	GROUCHOFAMLY	0.999999999996132	-3.86786092370379e-12	5	0	0	2	4759
PR00242	DOPAMINER	0.999999999996132	-3.86786092370379e-12	5	0	0	2	4759
PR01453	EPMEMFAMILY	0.999999999996132	-3.86786092370379e-12	5	0	0	2	4759
PR00057	NFKBTNSCPFCT	0.999999999996132	-3.86786092370379e-12	5	0	0	2	4759
PR00846	GLHYDRLASE56	0.999999999996132	-3.86786092370379e-12	5	0	0	2	4759
PR00721	STOMATIN	0.999999999996132	-3.86786092370379e-12	5	0	0	2	4759
PR00511	TEKTIN	0.999999999996132	-3.86786092370379e-12	5	0	0	2	4759
PR01282	COUPTNFACTOR	0.999999999996132	-3.86786092370379e-12	5	0	0	2	4759
PR00391	PITRANSFER	0.999999999996132	-3.86786092370379e-12	5	0	0	2	4759
PR00370	FMOXYGENASE	0.999999999996132	-3.86786092370379e-12	5	0	0	2	4759
PR01035	TCRTETA	0.999999999996132	-3.86786092370379e-12	5	0	0	2	4759
PR00814	BETAHAEM	0.999999999996132	-3.86786092370379e-12	5	0	0	2	4759
PR00342	RHESUSRHD	0.999999999996132	-3.86786092370379e-12	5	0	0	2	4759
PR01884	MALPROTEIN	0.999999999996132	-3.86786092370379e-12	5	0	0	2	4759
PR01459	KCNQCHANNEL	0.999999999996132	-3.86786092370379e-12	5	0	0	2	4759
PR00022	SOMATOMEDINB	0.999999999996132	-3.86786092370379e-12	5	0	0	2	4759
PR01789	NUCFACTORATC	0.999999999996132	-3.86786092370379e-12	5	0	0	2	4759
PR00406	CYTB5RDTASE	0.999999999996132	-3.86786092370379e-12	5	0	0	2	4759
PR01909	ADSPHPHTASEA	0.999999999996132	-3.86786092370379e-12	5	0	0	2	4759
PR01090	NEUROLIGIN	0.999999999996132	-3.86786092370379e-12	5	0	0	2	4759
PR01932	INTRLEUKIN17	0.999999999996132	-3.86786092370379e-12	5	0	0	2	4759
PR00938	BRACHYURY	0.999999999996132	-3.86786092370379e-12	5	0	0	2	4759
PR00074	LYSYLOXIDASE	0.999999999996132	-3.86786092370379e-12	5	0	0	2	4759
PR01232	NAHCO3TRSPRT	0.999999999996132	-3.86786092370379e-12	5	0	0	2	4759
PR01433	POLYCYSTIN2	0.999999999996132	-3.86786092370379e-12	5	0	0	2	4759
PR00534	MCRFAMILY	0.999999999996132	-3.86786092370379e-12	5	0	0	2	4759
PR01266	GSTRNSFRASEA	0.999999999996132	-3.86786092370379e-12	5	0	0	2	4759
PR01748	AP2TNSCPFCT	0.999999999996132	-3.86786092370379e-12	5	0	0	2	4759
PR00853	XPGRADSUPER	0.999999999996132	-3.86786092370379e-12	5	0	0	2	4759
PR00464	EP450II	0.999999999996132	-3.86786092370379e-12	5	0	0	2	4759
PR01407	BUTYPHLNCDUF	0.999999999996474	-3.52606477544738e-12	69	0	0	2	4759
PR01210	GGTRANSPTASE	0.999999999996835	-3.16460631660224e-12	6	0	0	2	4759
PR00314	CLATHRINADPT	0.999999999996835	-3.16460631660224e-12	6	0	0	2	4759
PR00213	MYELINP0	0.999999999996835	-3.16460631660224e-12	6	0	0	2	4759
PR01263	INTCLCHANNEL	0.999999999996835	-3.16460631660224e-12	6	0	0	2	4759
PR01095	TASKCHANNEL	0.999999999996835	-3.16460631660224e-12	6	0	0	2	4759
PR01830	TRACEAMINER	0.999999999996835	-3.16460631660224e-12	6	0	0	2	4759
PR01097	TRNSRECEPTRP	0.999999999996835	-3.16460631660224e-12	6	0	0	2	4759
PR00622	HISTONEH3	0.999999999996835	-3.16460631660224e-12	6	0	0	2	4759
PR00373	GLYCHORMONER	0.999999999996835	-3.16460631660224e-12	6	0	0	2	4759
PR00086	LLDHDRGNASE	0.999999999996835	-3.16460631660224e-12	6	0	0	2	4759
PR01472	ICAMVCAM1	0.999999999996835	-3.16460631660224e-12	6	0	0	2	4759
PR00363	CYTOCHROMEB5	0.999999999996835	-3.16460631660224e-12	6	0	0	2	4759
PR00276	INSULINFAMLY	0.999999999996835	-3.16460631660224e-12	6	0	0	2	4759
PR00653	ACTIVIN2R	0.999999999996835	-3.16460631660224e-12	6	0	0	2	4759
PR01976	IGFBPFAMILY	0.999999999996835	-3.16460631660224e-12	6	0	0	2	4759
PR00836	SOMATOTROPIN	0.999999999996835	-3.16460631660224e-12	6	0	0	2	4759
PR00404	MADSDOMAIN	0.999999999996835	-3.16460631660224e-12	6	0	0	2	4759
PR01536	INTRLKN1R12F	0.999999999996835	-3.16460631660224e-12	6	0	0	2	4759
PR02008	RCMTFAMILY	0.999999999996835	-3.16460631660224e-12	6	0	0	2	4759
PR00467	MAMLPOXGNASE	0.999999999996835	-3.16460631660224e-12	6	0	0	2	4759
PR00087	LIPOXYGENASE	0.999999999996835	-3.16460631660224e-12	6	0	0	2	4759
PR01079	GABAARALPHA	0.999999999996835	-3.16460631660224e-12	6	0	0	2	4759
PR00689	ACOABINDINGP	0.999999999996835	-3.16460631660224e-12	6	0	0	2	4759
PR01234	TNECROSISFCT	0.999999999996835	-3.16460631660224e-12	6	0	0	2	4759
PR00480	ASTACIN	0.999999999996835	-3.16460631660224e-12	6	0	0	2	4759
PR00310	ANTIPRLFBTG1	0.999999999996835	-3.16460631660224e-12	6	0	0	2	4759
PR00657	CCCHEMOKINER	0.999999999997851	-2.14905098213237e-12	16	0	0	2	4759
PR00318	GPROTEINA	0.999999999997851	-2.14905098213237e-12	16	0	0	2	4759
PR00178	FATTYACIDBP	0.999999999997851	-2.14905098213237e-12	16	0	0	2	4759
PR00254	NICOTINICR	0.999999999997851	-2.14905098213237e-12	16	0	0	2	4759
PR00621	HISTONEH2B	0.999999999997851	-2.14905098213237e-12	16	0	0	2	4759
PR01320	KIRCHANNEL	0.999999999997851	-2.14905098213237e-12	16	0	0	2	4759
PR00759	BASICPTASE	0.999999999997851	-2.14905098213237e-12	16	0	0	2	4759
PR00661	ERMFAMILY	0.999999999997851	-2.14905098213237e-12	16	0	0	2	4759
PR00205	CADHERIN	0.999999999998015	-1.98460974216996e-12	113	0	0	2	4759
PR00387	PDIESTERASE1	0.999999999998281	-1.71868282003136e-12	19	0	0	2	4759
PR00620	HISTONEH2A	0.999999999998281	-1.71868282003136e-12	19	0	0	2	4759
PR01349	WNTPROTEIN	0.999999999998281	-1.71868282003136e-12	19	0	0	2	4759
PR00176	NANEUSMPORT	0.999999999998281	-1.71868282003136e-12	19	0	0	2	4759
PR00249	GPCRSECRETIN	0.999999999998313	-1.68742255411691e-12	43	0	0	2	4759
PR00237	GPCRRHODOPSN	0.999999999998402	-1.59834645518941e-12	639	0	0	2	4759
PR00401	SH2DOMAIN	0.999999999999492	-5.08408012954778e-13	72	0	0	2	4759
PR00119	CATATPASE	0.999999999999849	-1.50991286802186e-13	35	0	0	2	4759
PR00024	HOMEOBOX	0.999999999999924	-7.63670268515149e-14	89	0	0	2	4759
PR00108	THYMDSNTHASE	1.00000000000094	9.376962097421e-13	1	0	0	2	4759
PR01722	GABAARDELTA	1.00000000000094	9.376962097421e-13	1	0	0	2	4759
PR00720	MAMMALPTPASE	1.00000000000094	9.376962097421e-13	1	0	0	2	4759
PR01204	GLY1TRNSPORT	1.00000000000094	9.376962097421e-13	1	0	0	2	4759
PR01930	INTRLEUKIN15	1.00000000000094	9.376962097421e-13	1	0	0	2	4759
PR00435	INTERLEUKIN7	1.00000000000094	9.376962097421e-13	1	0	0	2	4759
PR01502	UXTPROTEIN	1.00000000000094	9.376962097421e-13	1	0	0	2	4759
PR00573	INTRLEUKN8BR	1.00000000000094	9.376962097421e-13	1	0	0	2	4759
PR01642	TRPCHANNEL1	1.00000000000094	9.376962097421e-13	1	0	0	2	4759
PR00646	RDC1ORPHANR	1.00000000000094	9.376962097421e-13	1	0	0	2	4759
PR01628	LCACHANNELB2	1.00000000000094	9.376962097421e-13	1	0	0	2	4759
PR00989	ADENOKINASE	1.00000000000094	9.376962097421e-13	1	0	0	2	4759
PR01290	PROXISOMPABR	1.00000000000094	9.376962097421e-13	1	0	0	2	4759
PR01189	ANIONEXHNGR3	1.00000000000094	9.376962097421e-13	1	0	0	2	4759
PR00588	SOMATOSTTN2R	1.00000000000094	9.376962097421e-13	1	0	0	2	4759
PR01854	BR22PROTEIN	1.00000000000094	9.376962097421e-13	1	0	0	2	4759
PR00567	DOPAMINED2R	1.00000000000094	9.376962097421e-13	1	0	0	2	4759
PR00650	GPR12ORPHANR	1.00000000000094	9.376962097421e-13	1	0	0	2	4759
PR00662	G6PISOMERASE	1.00000000000094	9.376962097421e-13	1	0	0	2	4759
PR01578	KCNAB1CHANEL	1.00000000000094	9.376962097421e-13	1	0	0	2	4759
PR00052	FIBRILLARIN	1.00000000000094	9.376962097421e-13	1	0	0	2	4759
PR01664	NACHANNEL1	1.00000000000094	9.376962097421e-13	1	0	0	2	4759
PR01190	GLUCTRSPORT1	1.00000000000094	9.376962097421e-13	1	0	0	2	4759
PR01281	CRFRECEPTOR2	1.00000000000094	9.376962097421e-13	1	0	0	2	4759
PR01116	CLCHANNEL5	1.00000000000094	9.376962097421e-13	1	0	0	2	4759
PR01717	CD28ANTIGEN	1.00000000000094	9.376962097421e-13	1	0	0	2	4759
PR02013	AQUAPORIN1	1.00000000000094	9.376962097421e-13	1	0	0	2	4759
PR01700	CD34ANTIGEN	1.00000000000094	9.376962097421e-13	1	0	0	2	4759
PR01429	PROTEASEAR3	1.00000000000094	9.376962097421e-13	1	0	0	2	4759
PR01477	LTB1RECEPTOR	1.00000000000094	9.376962097421e-13	1	0	0	2	4759
PR01061	MELNOCORTN3R	1.00000000000094	9.376962097421e-13	1	0	0	2	4759
PR01963	TNFACTORR13B	1.00000000000094	9.376962097421e-13	1	0	0	2	4759
PR00162	RIESKE	1.00000000000094	9.376962097421e-13	1	0	0	2	4759
PR01571	NPFFRECEPTR1	1.00000000000094	9.376962097421e-13	1	0	0	2	4759
PR01644	TRPCHANNEL3	1.00000000000094	9.376962097421e-13	1	0	0	2	4759
PR01015	NRPEPTIDEY4R	1.00000000000094	9.376962097421e-13	1	0	0	2	4759
PR01221	MAJORURINARY	1.00000000000094	9.376962097421e-13	1	0	0	2	4759
PR01921	TNFACTORR4	1.00000000000094	9.376962097421e-13	1	0	0	2	4759
PR00552	ADENOSINEA1R	1.00000000000094	9.376962097421e-13	1	0	0	2	4759
PR01093	SULFNYLUR1	1.00000000000094	9.376962097421e-13	1	0	0	2	4759
PR01332	KIR62CHANNEL	1.00000000000094	9.376962097421e-13	1	0	0	2	4759
PR01493	KV8CHANNEL	1.00000000000094	9.376962097421e-13	1	0	0	2	4759
PR01294	INTRLEUKIN10	1.00000000000094	9.376962097421e-13	1	0	0	2	4759
PR01965	TNFACTORR14	1.00000000000094	9.376962097421e-13	1	0	0	2	4759
PR01918	TNFACTORR1A	1.00000000000094	9.376962097421e-13	1	0	0	2	4759
PR00641	CHEMOKINER7	1.00000000000094	9.376962097421e-13	1	0	0	2	4759
PR01897	TAP2PROTEIN	1.00000000000094	9.376962097421e-13	1	0	0	2	4759
PR01581	KV31CHANNEL	1.00000000000094	9.376962097421e-13	1	0	0	2	4759
PR01355	GLUCAGNLIKER	1.00000000000094	9.376962097421e-13	1	0	0	2	4759
PR00560	ADRENRGCA2CR	1.00000000000094	9.376962097421e-13	1	0	0	2	4759
PR01614	GABAARALPHA1	1.00000000000094	9.376962097421e-13	1	0	0	2	4759
PR01531	CHEMOKINER9	1.00000000000094	9.376962097421e-13	1	0	0	2	4759
PR01419	GALANIN2R	1.00000000000094	9.376962097421e-13	1	0	0	2	4759
PR01977	IGFBPFAMILY1	1.00000000000094	9.376962097421e-13	1	0	0	2	4759
PR01125	FMOXYGENASE5	1.00000000000094	9.376962097421e-13	1	0	0	2	4759
PR01222	ATROPHIN	1.00000000000094	9.376962097421e-13	1	0	0	2	4759
PR01330	KIR34CHANNEL	1.00000000000094	9.376962097421e-13	1	0	0	2	4759
PR01901	WIFPROTEIN	1.00000000000094	9.376962097421e-13	1	0	0	2	4759
PR01616	GABAARALPHA3	1.00000000000094	9.376962097421e-13	1	0	0	2	4759
PR00990	RIBOKINASE	1.00000000000094	9.376962097421e-13	1	0	0	2	4759
PR01781	LATPROTEIN	1.00000000000094	9.376962097421e-13	1	0	0	2	4759
PR01324	KIR21CHANNEL	1.00000000000094	9.376962097421e-13	1	0	0	2	4759
PR01972	TNFACTORR25	1.00000000000094	9.376962097421e-13	1	0	0	2	4759
PR00514	5HT1DRECEPTR	1.00000000000094	9.376962097421e-13	1	0	0	2	4759
PR01112	CLCHANNEL1	1.00000000000094	9.376962097421e-13	1	0	0	2	4759
PR00594	P2Y2PRNOCPTR	1.00000000000094	9.376962097421e-13	1	0	0	2	4759
PR00189	TRNSTHYRETIN	1.00000000000094	9.376962097421e-13	1	0	0	2	4759
PR01709	5HT3ARECEPTR	1.00000000000094	9.376962097421e-13	1	0	0	2	4759
PR01518	KV43CHANNEL	1.00000000000094	9.376962097421e-13	1	0	0	2	4759
PR01602	VDCCGAMMA2	1.00000000000094	9.376962097421e-13	1	0	0	2	4759
PR02011	RCMTNCL1	1.00000000000094	9.376962097421e-13	1	0	0	2	4759
PR01858	ADAMTS1	1.00000000000094	9.376962097421e-13	1	0	0	2	4759
PR01408	MACSCAVRCPTR	1.00000000000094	9.376962097421e-13	1	0	0	2	4759
PR00265	INTERLEUKIN2	1.00000000000094	9.376962097421e-13	1	0	0	2	4759
PR00520	ACTROPHINR	1.00000000000094	9.376962097421e-13	1	0	0	2	4759
PR01256	OTX1HOMEOBOX	1.00000000000094	9.376962097421e-13	1	0	0	2	4759
PR01424	TGFBETA1	1.00000000000094	9.376962097421e-13	1	0	0	2	4759
PR00101	ATCASE	1.00000000000094	9.376962097421e-13	1	0	0	2	4759
PR01235	TNFALPHA	1.00000000000094	9.376962097421e-13	1	0	0	2	4759
PR02064	DONSON	1.00000000000094	9.376962097421e-13	1	0	0	2	4759
PR01935	INTRLEUKIN20	1.00000000000094	9.376962097421e-13	1	0	0	2	4759
PR01566	NEUROMEDNU1R	1.00000000000094	9.376962097421e-13	1	0	0	2	4759
PR01286	NORNUCRECPTR	1.00000000000094	9.376962097421e-13	1	0	0	2	4759
PR01750	AP2BTNSCPFCT	1.00000000000094	9.376962097421e-13	1	0	0	2	4759
PR01131	CONNEXIN36	1.00000000000094	9.376962097421e-13	1	0	0	2	4759
PR01942	NTKRECEPTOR3	1.00000000000094	9.376962097421e-13	1	0	0	2	4759
PR01457	LENSMEMPROT	1.00000000000094	9.376962097421e-13	1	0	0	2	4759
PR00613	MYOGLOBIN	1.00000000000094	9.376962097421e-13	1	0	0	2	4759
PR01558	CHEMOKINER11	1.00000000000094	9.376962097421e-13	1	0	0	2	4759
PR01001	FADG3PDH	1.00000000000094	9.376962097421e-13	1	0	0	2	4759
PR00692	CD4TCANTIGEN	1.00000000000094	9.376962097421e-13	1	0	0	2	4759
PR01156	PACAPRECEPTR	1.00000000000094	9.376962097421e-13	1	0	0	2	4759
PR01663	MCMPROTEIN7	1.00000000000094	9.376962097421e-13	1	0	0	2	4759
PR01118	CLCHANNEL7	1.00000000000094	9.376962097421e-13	1	0	0	2	4759
PR01187	ANIONEXHNGR1	1.00000000000094	9.376962097421e-13	1	0	0	2	4759
PR02005	INSLNLIKEGF1	1.00000000000094	9.376962097421e-13	1	0	0	2	4759
PR01133	CONNEXINA3	1.00000000000094	9.376962097421e-13	1	0	0	2	4759
PR01208	NAKCLTRSPRT1	1.00000000000094	9.376962097421e-13	1	0	0	2	4759
PR01219	APOLIPOPROTD	1.00000000000094	9.376962097421e-13	1	0	0	2	4759
PR01631	NVDCCALPHA1	1.00000000000094	9.376962097421e-13	1	0	0	2	4759
PR00530	HISTAMINEH1R	1.00000000000094	9.376962097421e-13	1	0	0	2	4759
PR01529	CHEMOKINER6	1.00000000000094	9.376962097421e-13	1	0	0	2	4759
PR01201	NORTRANSPORT	1.00000000000094	9.376962097421e-13	1	0	0	2	4759
PR01883	LEUKAEMIAIF	1.00000000000094	9.376962097421e-13	1	0	0	2	4759
PR00604	CYTCHRMECIAB	1.00000000000094	9.376962097421e-13	1	0	0	2	4759
PR01769	VRL2RECEPTOR	1.00000000000094	9.376962097421e-13	1	0	0	2	4759
PR01383	CLAUDIN10	1.00000000000094	9.376962097421e-13	1	0	0	2	4759
PR01237	TNFC	1.00000000000094	9.376962097421e-13	1	0	0	2	4759
PR00554	ADENOSINA2BR	1.00000000000094	9.376962097421e-13	1	0	0	2	4759
PR01326	KIR23CHANNEL	1.00000000000094	9.376962097421e-13	1	0	0	2	4759
PR00272	ERYTHROPTN	1.00000000000094	9.376962097421e-13	1	0	0	2	4759
PR01183	RIBORDTASEM1	1.00000000000094	9.376962097421e-13	1	0	0	2	4759
PR01860	ADAMTS5	1.00000000000094	9.376962097421e-13	1	0	0	2	4759
PR00518	5HT5ARECEPTR	1.00000000000094	9.376962097421e-13	1	0	0	2	4759
PR00061	RIBOSOMALL19	1.00000000000094	9.376962097421e-13	1	0	0	2	4759
PR01621	GABAARGAMMA1	1.00000000000094	9.376962097421e-13	1	0	0	2	4759
PR00670	INHIBINBA	1.00000000000094	9.376962097421e-13	1	0	0	2	4759
PR01054	MTABOTROPC4R	1.00000000000094	9.376962097421e-13	1	0	0	2	4759
PR00569	DOPAMINED4R	1.00000000000094	9.376962097421e-13	1	0	0	2	4759
PR01636	LVDCCALPHA1D	1.00000000000094	9.376962097421e-13	1	0	0	2	4759
PR00982	TRNASYNTHLYS	1.00000000000094	9.376962097421e-13	1	0	0	2	4759
PR01311	P2X4RECEPTOR	1.00000000000094	9.376962097421e-13	1	0	0	2	4759
PR01790	SMP30FAMILY	1.00000000000094	9.376962097421e-13	1	0	0	2	4759
PR01678	KIR5CHANNEL	1.00000000000094	9.376962097421e-13	1	0	0	2	4759
PR00375	HUNTINGTIN	1.00000000000094	9.376962097421e-13	1	0	0	2	4759
PR00533	MASONCOGENE	1.00000000000094	9.376962097421e-13	1	0	0	2	4759
PR01867	BCL2RLATEDA1	1.00000000000094	9.376962097421e-13	1	0	0	2	4759
PR01762	DISHEVELLED2	1.00000000000094	9.376962097421e-13	1	0	0	2	4759
PR01716	DEATHASSOCP3	1.00000000000094	9.376962097421e-13	1	0	0	2	4759
PR00240	ADRENRGCA1DR	1.00000000000094	9.376962097421e-13	1	0	0	2	4759
PR01894	WNT14PROTEIN	1.00000000000094	9.376962097421e-13	1	0	0	2	4759
PR00498	P47PHOX	1.00000000000094	9.376962097421e-13	1	0	0	2	4759
PR00199	ANNEXINIII	1.00000000000094	9.376962097421e-13	1	0	0	2	4759
PR01191	GLUCTRSPORT2	1.00000000000094	9.376962097421e-13	1	0	0	2	4759
PR02077	PROTEINGAPT	1.00000000000094	9.376962097421e-13	1	0	0	2	4759
PR00575	OPSINREDGRN	1.00000000000094	9.376962097421e-13	1	0	0	2	4759
PR00490	SECRETINR	1.00000000000094	9.376962097421e-13	1	0	0	2	4759
PR01145	TSHRECEPTOR	1.00000000000094	9.376962097421e-13	1	0	0	2	4759
PR00648	GPR3ORPHANR	1.00000000000094	9.376962097421e-13	1	0	0	2	4759
PR00474	GLU5KINASE	1.00000000000094	9.376962097421e-13	1	0	0	2	4759
PR02022	AQUAPORIN10M	1.00000000000094	9.376962097421e-13	1	0	0	2	4759
PR01821	DAPIT	1.00000000000094	9.376962097421e-13	1	0	0	2	4759
PR00570	ENDOTHELINAR	1.00000000000094	9.376962097421e-13	1	0	0	2	4759
PR00430	INTERLEUKIN3	1.00000000000094	9.376962097421e-13	1	0	0	2	4759
PR01738	RNABINDINGM8	1.00000000000094	9.376962097421e-13	1	0	0	2	4759
PR01261	TAUPROTEIN	1.00000000000094	9.376962097421e-13	1	0	0	2	4759
PR01315	BATTENIN	1.00000000000094	9.376962097421e-13	1	0	0	2	4759
PR00127	CLPPROTEASEP	1.00000000000094	9.376962097421e-13	1	0	0	2	4759
PR00529	GNADOTRPHINR	1.00000000000094	9.376962097421e-13	1	0	0	2	4759
PR01675	GLYRALPHA2	1.00000000000094	9.376962097421e-13	1	0	0	2	4759
PR01995	UPF0595	1.00000000000094	9.376962097421e-13	1	0	0	2	4759
PR01510	KV13CHANNEL	1.00000000000094	9.376962097421e-13	1	0	0	2	4759
PR00562	ADRENRGCB2AR	1.00000000000094	9.376962097421e-13	1	0	0	2	4759
PR02091	HAUSAUGMINL5	1.00000000000094	9.376962097421e-13	1	0	0	2	4759
PR01928	INTRLEUKN12B	1.00000000000094	9.376962097421e-13	1	0	0	2	4759
PR00714	MAN6PISMRASE	1.00000000000094	9.376962097421e-13	1	0	0	2	4759
PR00058	RIBOSOMALL5	1.00000000000094	9.376962097421e-13	1	0	0	2	4759
PR01913	NGFBETA	1.00000000000094	9.376962097421e-13	1	0	0	2	4759
PR01974	TNFACTORR11A	1.00000000000094	9.376962097421e-13	1	0	0	2	4759
PR01073	PRESENILIN1	1.00000000000094	9.376962097421e-13	1	0	0	2	4759
PR01871	ANNEXINVII	1.00000000000094	9.376962097421e-13	1	0	0	2	4759
PR01551	SPO11HOMOLOG	1.00000000000094	9.376962097421e-13	1	0	0	2	4759
PR02058	APODVERTBRTE	1.00000000000094	9.376962097421e-13	1	0	0	2	4759
PR01618	GABAARALPHA5	1.00000000000094	9.376962097421e-13	1	0	0	2	4759
PR00584	PRSTNOIDE32R	1.00000000000094	9.376962097421e-13	1	0	0	2	4759
PR01568	LYMPHOTACTNR	1.00000000000094	9.376962097421e-13	1	0	0	2	4759
PR01135	CONNEXINA5	1.00000000000094	9.376962097421e-13	1	0	0	2	4759
PR00751	THYROLIBRINR	1.00000000000094	9.376962097421e-13	1	0	0	2	4759
PR01056	MTABOTROPC6R	1.00000000000094	9.376962097421e-13	1	0	0	2	4759
PR01795	VDCCGAMMA7	1.00000000000094	9.376962097421e-13	1	0	0	2	4759
PR01655	UDPGLUCOSER	1.00000000000094	9.376962097421e-13	1	0	0	2	4759
PR01607	APYRASEFAMLY	1.00000000000094	9.376962097421e-13	1	0	0	2	4759
PR00559	ADRENRGCA2BR	1.00000000000094	9.376962097421e-13	1	0	0	2	4759
PR01710	5HT3BRECEPTR	1.00000000000094	9.376962097421e-13	1	0	0	2	4759
PR01876	MTG8PROTEIN	1.00000000000094	9.376962097421e-13	1	0	0	2	4759
PR00586	PRSTNOIDEP4R	1.00000000000094	9.376962097421e-13	1	0	0	2	4759
PR01509	KV12CHANNEL	1.00000000000094	9.376962097421e-13	1	0	0	2	4759
PR01318	GDNFRALPHA2	1.00000000000094	9.376962097421e-13	1	0	0	2	4759
PR00143	CITRTSNTHASE	1.00000000000094	9.376962097421e-13	1	0	0	2	4759
PR01530	CHEMOKINER8	1.00000000000094	9.376962097421e-13	1	0	0	2	4759
PR01142	CONNEXINB5	1.00000000000094	9.376962097421e-13	1	0	0	2	4759
PR00357	ANTIFREEZIII	1.00000000000094	9.376962097421e-13	1	0	0	2	4759
PR01426	TGFBETA3	1.00000000000094	9.376962097421e-13	1	0	0	2	4759
PR01937	INTRLEUKIN24	1.00000000000094	9.376962097421e-13	1	0	0	2	4759
PR01154	VIP1RECEPTOR	1.00000000000094	9.376962097421e-13	1	0	0	2	4759
PR01322	KIR12CHANNEL	1.00000000000094	9.376962097421e-13	1	0	0	2	4759
PR01516	KV41CHANNEL	1.00000000000094	9.376962097421e-13	1	0	0	2	4759
PR01448	CLAUDIN18	1.00000000000094	9.376962097421e-13	1	0	0	2	4759
PR01833	VEGFRECEPTR1	1.00000000000094	9.376962097421e-13	1	0	0	2	4759
PR01513	KV16CHANNEL	1.00000000000094	9.376962097421e-13	1	0	0	2	4759
PR02029	ACTREGSIRT1	1.00000000000094	9.376962097421e-13	1	0	0	2	4759
PR00201	ANNEXINV	1.00000000000094	9.376962097421e-13	1	0	0	2	4759
PR01947	INTLKN15MAML	1.00000000000094	9.376962097421e-13	1	0	0	2	4759
PR00339	PCNACYCLIN	1.00000000000094	9.376962097421e-13	1	0	0	2	4759
PR01985	NOTCH2	1.00000000000094	9.376962097421e-13	1	0	0	2	4759
PR01905	FATTYACIDR	1.00000000000094	9.376962097421e-13	1	0	0	2	4759
PR01649	PSYCHOSINER	1.00000000000094	9.376962097421e-13	1	0	0	2	4759
PR00431	INTERLEUKIN4	1.00000000000094	9.376962097421e-13	1	0	0	2	4759
PR00497	P40PHOX	1.00000000000094	9.376962097421e-13	1	0	0	2	4759
PR00636	ANGIOTENSN2R	1.00000000000094	9.376962097421e-13	1	0	0	2	4759
PR00715	MAN6PRECEPTR	1.00000000000094	9.376962097421e-13	1	0	0	2	4759
PR01351	CGRPRECEPTOR	1.00000000000094	9.376962097421e-13	1	0	0	2	4759
PR00073	COPRGNOXDASE	1.00000000000094	9.376962097421e-13	1	0	0	2	4759
PR01461	KCNQ2CHANNEL	1.00000000000094	9.376962097421e-13	1	0	0	2	4759
PR01108	CHEMOKINER3	1.00000000000094	9.376962097421e-13	1	0	0	2	4759
PR01676	GLYRALPHA3	1.00000000000094	9.376962097421e-13	1	0	0	2	4759
PR01106	CHEMOKINER1	1.00000000000094	9.376962097421e-13	1	0	0	2	4759
PR01938	INTRLEUKIN34	1.00000000000094	9.376962097421e-13	1	0	0	2	4759
PR00202	ANNEXINVI	1.00000000000094	9.376962097421e-13	1	0	0	2	4759
PR01260	NACAEXCHNGR1	1.00000000000094	9.376962097421e-13	1	0	0	2	4759
PR00587	SOMATOSTTN1R	1.00000000000094	9.376962097421e-13	1	0	0	2	4759
PR01688	EP450ICYP2J	1.00000000000094	9.376962097421e-13	1	0	0	2	4759
PR01508	KV11CHANNEL	1.00000000000094	9.376962097421e-13	1	0	0	2	4759
PR00711	ANATPEPTIDE	1.00000000000094	9.376962097421e-13	1	0	0	2	4759
PR01786	PARAOXONASE1	1.00000000000094	9.376962097421e-13	1	0	0	2	4759
PR00494	FANCONICGENE	1.00000000000094	9.376962097421e-13	1	0	0	2	4759
PR02057	PROTEINF105B	1.00000000000094	9.376962097421e-13	1	0	0	2	4759
PR00640	GASTRINRELPR	1.00000000000094	9.376962097421e-13	1	0	0	2	4759
PR01258	OCCLUDIN	1.00000000000094	9.376962097421e-13	1	0	0	2	4759
PR02100	GENEIEX1	1.00000000000094	9.376962097421e-13	1	0	0	2	4759
PR01139	CONNEXINB2	1.00000000000094	9.376962097421e-13	1	0	0	2	4759
PR01725	GABAARTHETA	1.00000000000094	9.376962097421e-13	1	0	0	2	4759
PR01827	YKINASETYK2	1.00000000000094	9.376962097421e-13	1	0	0	2	4759
PR01667	NACHANNEL8	1.00000000000094	9.376962097421e-13	1	0	0	2	4759
PR00801	ADRENOMEDULN	1.00000000000094	9.376962097421e-13	1	0	0	2	4759
PR01691	TRAAKCHANNEL	1.00000000000094	9.376962097421e-13	1	0	0	2	4759
PR01623	GABAARGAMMA3	1.00000000000094	9.376962097421e-13	1	0	0	2	4759
PR01519	EPSLNTUBULIN	1.00000000000094	9.376962097421e-13	1	0	0	2	4759
PR02043	CANCERSCCP1	1.00000000000094	9.376962097421e-13	1	0	0	2	4759
PR01600	ZONOCCLUDNS3	1.00000000000094	9.376962097421e-13	1	0	0	2	4759
PR01246	RAD1REPAIR	1.00000000000094	9.376962097421e-13	1	0	0	2	4759
PR01924	TNFACTORR9	1.00000000000094	9.376962097421e-13	1	0	0	2	4759
PR01365	TELOMERASERT	1.00000000000094	9.376962097421e-13	1	0	0	2	4759
PR00985	TRNASYNTHLEU	1.00000000000094	9.376962097421e-13	1	0	0	2	4759
PR01416	APJRECEPTOR	1.00000000000094	9.376962097421e-13	1	0	0	2	4759
PR02038	AURORABORA	1.00000000000094	9.376962097421e-13	1	0	0	2	4759
PR02075	FIBSHEATHIP1	1.00000000000094	9.376962097421e-13	1	0	0	2	4759
PR01681	FASLIGAND	1.00000000000094	9.376962097421e-13	1	0	0	2	4759
PR01117	CLCHANNEL6	1.00000000000094	9.376962097421e-13	1	0	0	2	4759
PR00854	PRSTNOIDDPR	1.00000000000094	9.376962097421e-13	1	0	0	2	4759
PR01661	MCMPROTEIN5	1.00000000000094	9.376962097421e-13	1	0	0	2	4759
PR00557	ADRENRGCA1AR	1.00000000000094	9.376962097421e-13	1	0	0	2	4759
PR00429	THROMBOXANER	1.00000000000094	9.376962097421e-13	1	0	0	2	4759
PR01080	HYPOXIAIF1A	1.00000000000094	9.376962097421e-13	1	0	0	2	4759
PR01514	KV21CHANNEL	1.00000000000094	9.376962097421e-13	1	0	0	2	4759
PR01740	SEPTIN2	1.00000000000094	9.376962097421e-13	1	0	0	2	4759
PR01866	APOPREGMCL1	1.00000000000094	9.376962097421e-13	1	0	0	2	4759
PR00217	POSTSYNAPTIC	1.00000000000094	9.376962097421e-13	1	0	0	2	4759
PR01425	TGFBETA2	1.00000000000094	9.376962097421e-13	1	0	0	2	4759
PR02069	ECCREGULATOR	1.00000000000094	9.376962097421e-13	1	0	0	2	4759
PR01155	VIP2RECEPTOR	1.00000000000094	9.376962097421e-13	1	0	0	2	4759
PR01358	INTRLEUKIN1A	1.00000000000094	9.376962097421e-13	1	0	0	2	4759
PR01308	P2X1RECEPTOR	1.00000000000094	9.376962097421e-13	1	0	0	2	4759
PR00543	OESTROGENR	1.00000000000094	9.376962097421e-13	1	0	0	2	4759
PR01576	PDEFORMYLASE	1.00000000000094	9.376962097421e-13	1	0	0	2	4759
PR00536	MELNOCYTESHR	1.00000000000094	9.376962097421e-13	1	0	0	2	4759
PR01456	EPMEMPROT3	1.00000000000094	9.376962097421e-13	1	0	0	2	4759
PR00555	ADENOSINEA3R	1.00000000000094	9.376962097421e-13	1	0	0	2	4759
PR01152	PROTEASEAR2	1.00000000000094	9.376962097421e-13	1	0	0	2	4759
PR01143	FSHRECEPTOR	1.00000000000094	9.376962097421e-13	1	0	0	2	4759
PR02024	AQUAPORIN11	1.00000000000094	9.376962097421e-13	1	0	0	2	4759
PR01723	GABAAREPSLON	1.00000000000094	9.376962097421e-13	1	0	0	2	4759
PR01889	PPNRPEPTIDEB	1.00000000000094	9.376962097421e-13	1	0	0	2	4759
PR01253	AMPHIPHYSIN2	1.00000000000094	9.376962097421e-13	1	0	0	2	4759
PR01703	MNSODISMTASE	1.00000000000094	9.376962097421e-13	1	0	0	2	4759
PR01195	GAT1TRNSPORT	1.00000000000094	9.376962097421e-13	1	0	0	2	4759
PR01480	NEUROTENSN1R	1.00000000000094	9.376962097421e-13	1	0	0	2	4759
PR01619	GABAARALPHA6	1.00000000000094	9.376962097421e-13	1	0	0	2	4759
PR00590	SOMATOSTTN4R	1.00000000000094	9.376962097421e-13	1	0	0	2	4759
PR01057	MTABOTROPC7R	1.00000000000094	9.376962097421e-13	1	0	0	2	4759
PR00383	MELANOCORTIN	1.00000000000094	9.376962097421e-13	1	0	0	2	4759
PR02095	TRNSPORTRHRG	1.00000000000094	9.376962097421e-13	1	0	0	2	4759
PR02090	HAUSAUGMINL4	1.00000000000094	9.376962097421e-13	1	0	0	2	4759
PR00667	RPERETINALR	1.00000000000094	9.376962097421e-13	1	0	0	2	4759
PR01066	P2Y4PRNOCPTR	1.00000000000094	9.376962097421e-13	1	0	0	2	4759
PR02086	PUTNUCHARBI1	1.00000000000094	9.376962097421e-13	1	0	0	2	4759
PR00649	GPR6ORPHANR	1.00000000000094	9.376962097421e-13	1	0	0	2	4759
PR00616	CCAATSUBUNTB	1.00000000000094	9.376962097421e-13	1	0	0	2	4759
PR01992	GPR153	1.00000000000094	9.376962097421e-13	1	0	0	2	4759
PR01962	TNFACTORR12	1.00000000000094	9.376962097421e-13	1	0	0	2	4759
PR01312	P2X5RECEPTOR	1.00000000000094	9.376962097421e-13	1	0	0	2	4759
PR00571	ENDOTHELINBR	1.00000000000094	9.376962097421e-13	1	0	0	2	4759
PR01599	ZONOCCLUDNS2	1.00000000000094	9.376962097421e-13	1	0	0	2	4759
PR00067	CATALASE	1.00000000000094	9.376962097421e-13	1	0	0	2	4759
PR01381	CLAUDIN7	1.00000000000094	9.376962097421e-13	1	0	0	2	4759
PR00994	BRADYKINNB2R	1.00000000000094	9.376962097421e-13	1	0	0	2	4759
PR01313	P2X6RECEPTOR	1.00000000000094	9.376962097421e-13	1	0	0	2	4759
PR00993	BRADYKINNB1R	1.00000000000094	9.376962097421e-13	1	0	0	2	4759
PR01447	CLAUDIN16	1.00000000000094	9.376962097421e-13	1	0	0	2	4759
PR01124	FMOXYGENASE4	1.00000000000094	9.376962097421e-13	1	0	0	2	4759
PR00531	HISTAMINEH2R	1.00000000000094	9.376962097421e-13	1	0	0	2	4759
PR01982	IGFBPFAMILY6	1.00000000000094	9.376962097421e-13	1	0	0	2	4759
PR01522	OREXIN2R	1.00000000000094	9.376962097421e-13	1	0	0	2	4759
PR01870	CD2ANTIGEN	1.00000000000094	9.376962097421e-13	1	0	0	2	4759
PR00718	PHPHLIPASED	1.00000000000094	9.376962097421e-13	1	0	0	2	4759
PR01969	TNFACTORR19	1.00000000000094	9.376962097421e-13	1	0	0	2	4759
PR01926	INTERLEUKIN9	1.00000000000094	9.376962097421e-13	1	0	0	2	4759
PR02012	RCMTNOP2	1.00000000000094	9.376962097421e-13	1	0	0	2	4759
PR01720	CTLANTIGEN4	1.00000000000094	9.376962097421e-13	1	0	0	2	4759
PR01068	P2Y6PRNOCPTR	1.00000000000094	9.376962097421e-13	1	0	0	2	4759
PR00204	BETAAMYLOID	1.00000000000094	9.376962097421e-13	1	0	0	2	4759
PR01793	VDCCGAMMA5	1.00000000000094	9.376962097421e-13	1	0	0	2	4759
PR00867	DNAPOLG	1.00000000000094	9.376962097421e-13	1	0	0	2	4759
PR00713	CNATPEPTIDE	1.00000000000094	9.376962097421e-13	1	0	0	2	4759
PR01561	EDG8RECEPTOR	1.00000000000094	9.376962097421e-13	1	0	0	2	4759
PR02060	WOLFFAMILY	1.00000000000094	9.376962097421e-13	1	0	0	2	4759
PR00126	ATPASEGAMMA	1.00000000000094	9.376962097421e-13	1	0	0	2	4759
PR01980	IGFBPFAMILY4	1.00000000000094	9.376962097421e-13	1	0	0	2	4759
PR02053	BRISCABRO1	1.00000000000094	9.376962097421e-13	1	0	0	2	4759
PR01378	CLAUDIN3	1.00000000000094	9.376962097421e-13	1	0	0	2	4759
PR01941	NTKRECEPTOR2	1.00000000000094	9.376962097421e-13	1	0	0	2	4759
PR00298	CHAPERONIN60	1.00000000000094	9.376962097421e-13	1	0	0	2	4759
PR01304	NORRIEDSEASE	1.00000000000094	9.376962097421e-13	1	0	0	2	4759
PR01323	KIR13CHANNEL	1.00000000000094	9.376962097421e-13	1	0	0	2	4759
PR00581	PRSTNOIDEP2R	1.00000000000094	9.376962097421e-13	1	0	0	2	4759
PR01659	MCMPROTEIN3	1.00000000000094	9.376962097421e-13	1	0	0	2	4759
PR02048	PROTEINF25	1.00000000000094	9.376962097421e-13	1	0	0	2	4759
PR00973	RIBOSOMALS17	1.00000000000094	9.376962097421e-13	1	0	0	2	4759
PR02088	HAUSAUGMINL2	1.00000000000094	9.376962097421e-13	1	0	0	2	4759
PR00541	MUSCRINICM4R	1.00000000000094	9.376962097421e-13	1	0	0	2	4759
PR01711	AIREGULATOR	1.00000000000094	9.376962097421e-13	1	0	0	2	4759
PR01091	OREXINPP	1.00000000000094	9.376962097421e-13	1	0	0	2	4759
PR01526	EDG6RECEPTOR	1.00000000000094	9.376962097421e-13	1	0	0	2	4759
PR02112	MRGPCRF	1.00000000000094	9.376962097421e-13	1	0	0	2	4759
PR00393	PTRHORMONER	1.00000000000094	9.376962097421e-13	1	0	0	2	4759
PR01834	VEGFRECEPTR2	1.00000000000094	9.376962097421e-13	1	0	0	2	4759
PR01213	BSYNUCLEIN	1.00000000000094	9.376962097421e-13	1	0	0	2	4759
PR01583	KV34CHANNEL	1.00000000000094	9.376962097421e-13	1	0	0	2	4759
PR00212	MYELINMBP	1.00000000000094	9.376962097421e-13	1	0	0	2	4759
PR00856	PRSTNOIDIPR	1.00000000000094	9.376962097421e-13	1	0	0	2	4759
PR01348	ICLNCHANNEL	1.00000000000094	9.376962097421e-13	1	0	0	2	4759
PR00344	BCTRLSENSOR	1.00000000000094	9.376962097421e-13	1	0	0	2	4759
PR01825	JANUSKINASE2	1.00000000000094	9.376962097421e-13	1	0	0	2	4759
PR01024	NEUROKININ1R	1.00000000000094	9.376962097421e-13	1	0	0	2	4759
PR01665	NACHANNEL4	1.00000000000094	9.376962097421e-13	1	0	0	2	4759
PR00071	HMGCOARDTASE	1.00000000000094	9.376962097421e-13	1	0	0	2	4759
PR00495	LEPTIN	1.00000000000094	9.376962097421e-13	1	0	0	2	4759
PR01137	CONNEXINA8	1.00000000000094	9.376962097421e-13	1	0	0	2	4759
PR01458	PMYELIN22	1.00000000000094	9.376962097421e-13	1	0	0	2	4759
PR01844	WNT4PROTEIN	1.00000000000094	9.376962097421e-13	1	0	0	2	4759
PR01178	GABAB2RECPTR	1.00000000000094	9.376962097421e-13	1	0	0	2	4759
PR00745	GLHYDRLASE39	1.00000000000094	9.376962097421e-13	1	0	0	2	4759
PR01671	GABAARRHO1	1.00000000000094	9.376962097421e-13	1	0	0	2	4759
PR01114	CLCHANNEL3	1.00000000000094	9.376962097421e-13	1	0	0	2	4759
PR01846	TRHRFAMILY	1.00000000000094	9.376962097421e-13	1	0	0	2	4759
PR02032	DEXMETHSNEIP	1.00000000000094	9.376962097421e-13	1	0	0	2	4759
PR01627	LCACHANNELB1	1.00000000000094	9.376962097421e-13	1	0	0	2	4759
PR00512	5HT1ARECEPTR	1.00000000000094	9.376962097421e-13	1	0	0	2	4759
PR01864	APOPREGBCLX	1.00000000000094	9.376962097421e-13	1	0	0	2	4759
PR01327	KIR31CHANNEL	1.00000000000094	9.376962097421e-13	1	0	0	2	4759
PR01741	SEPTIN3	1.00000000000094	9.376962097421e-13	1	0	0	2	4759
PR01013	NRPEPTIDEY1R	1.00000000000094	9.376962097421e-13	1	0	0	2	4759
PR01957	EP450ICYP2F	1.00000000000094	9.376962097421e-13	1	0	0	2	4759
PR01122	FMOXYGENASE2	1.00000000000094	9.376962097421e-13	1	0	0	2	4759
PR01129	GIPRECEPTOR	1.00000000000094	9.376962097421e-13	1	0	0	2	4759
PR00563	ADRENRGCB3AR	1.00000000000094	9.376962097421e-13	1	0	0	2	4759
PR01059	5HT4RECEPTR	1.00000000000094	9.376962097421e-13	1	0	0	2	4759
PR00971	RIBOSOMALS10	1.00000000000094	9.376962097421e-13	1	0	0	2	4759
PR01474	VCAM1	1.00000000000094	9.376962097421e-13	1	0	0	2	4759
PR01816	BACE1	1.00000000000094	9.376962097421e-13	1	0	0	2	4759
PR01203	5HTTRANSPORT	1.00000000000094	9.376962097421e-13	1	0	0	2	4759
PR02018	AQUAPORIN6	1.00000000000094	9.376962097421e-13	1	0	0	2	4759
PR00908	THROMBINR	1.00000000000094	9.376962097421e-13	1	0	0	2	4759
PR00524	CCYSTOKNINAR	1.00000000000094	9.376962097421e-13	1	0	0	2	4759
PR00824	HEPLIPASE	1.00000000000094	9.376962097421e-13	1	0	0	2	4759
PR01197	GAT3TRNSPORT	1.00000000000094	9.376962097421e-13	1	0	0	2	4759
PR01289	PROXISOMPAAR	1.00000000000094	9.376962097421e-13	1	0	0	2	4759
PR01635	LVDCCALPHA1C	1.00000000000094	9.376962097421e-13	1	0	0	2	4759
PR01141	CONNEXINB4	1.00000000000094	9.376962097421e-13	1	0	0	2	4759
PR01409	TCELLCD5	1.00000000000094	9.376962097421e-13	1	0	0	2	4759
PR01026	NEUROKININ3R	1.00000000000094	9.376962097421e-13	1	0	0	2	4759
PR01903	CYSLT2RECPTR	1.00000000000094	9.376962097421e-13	1	0	0	2	4759
PR01445	CLAUDIN6	1.00000000000094	9.376962097421e-13	1	0	0	2	4759
PR02027	ARCARG31	1.00000000000094	9.376962097421e-13	1	0	0	2	4759
PR01810	ANNEXINXI	1.00000000000094	9.376962097421e-13	1	0	0	2	4759
PR01701	CD164ANTIGEN	1.00000000000094	9.376962097421e-13	1	0	0	2	4759
PR02062	CENTROSOME78	1.00000000000094	9.376962097421e-13	1	0	0	2	4759
PR00965	OCULARALBNSM	1.00000000000094	9.376962097421e-13	1	0	0	2	4759
PR01829	PROTACHYKNIN	1.00000000000094	9.376962097421e-13	1	0	0	2	4759
PR01647	TRPCHANNEL6	1.00000000000094	9.376962097421e-13	1	0	0	2	4759
PR01582	KV33CHANNEL	1.00000000000094	9.376962097421e-13	1	0	0	2	4759
PR01052	MTABOTROPC2R	1.00000000000094	9.376962097421e-13	1	0	0	2	4759
PR00522	CANABINOID1R	1.00000000000094	9.376962097421e-13	1	0	0	2	4759
PR00060	RIBOSOMALL16	1.00000000000094	9.376962097421e-13	1	0	0	2	4759
PR01031	ORPHNNPRCRSR	1.00000000000094	9.376962097421e-13	1	0	0	2	4759
PR01809	ANNEXINX	1.00000000000094	9.376962097421e-13	1	0	0	2	4759
PR01321	KIR11CHANNEL	1.00000000000094	9.376962097421e-13	1	0	0	2	4759
PR01580	KCNAB3CHANEL	1.00000000000094	9.376962097421e-13	1	0	0	2	4759
PR01993	GPR162	1.00000000000094	9.376962097421e-13	1	0	0	2	4759
PR01986	NOTCH3	1.00000000000094	9.376962097421e-13	1	0	0	2	4759
PR01943	INTLKN11MAML	1.00000000000094	9.376962097421e-13	1	0	0	2	4759
PR00513	5HT1BRECEPTR	1.00000000000094	9.376962097421e-13	1	0	0	2	4759
PR00506	D21N6MTFRASE	1.00000000000094	9.376962097421e-13	1	0	0	2	4759
PR01973	TNFACTORR27	1.00000000000094	9.376962097421e-13	1	0	0	2	4759
PR01354	GLUCAGONR	1.00000000000094	9.376962097421e-13	1	0	0	2	4759
PR01485	THROMBOPTN	1.00000000000094	9.376962097421e-13	1	0	0	2	4759
PR01791	REGUCALCIN	1.00000000000094	9.376962097421e-13	1	0	0	2	4759
PR01615	GABAARALPHA2	1.00000000000094	9.376962097421e-13	1	0	0	2	4759
PR01606	KCNE3CHANNEL	1.00000000000094	9.376962097421e-13	1	0	0	2	4759
PR01919	TNFACTORR1B	1.00000000000094	9.376962097421e-13	1	0	0	2	4759
PR01136	CONNEXINA6	1.00000000000094	9.376962097421e-13	1	0	0	2	4759
PR01517	KV42CHANNEL	1.00000000000094	9.376962097421e-13	1	0	0	2	4759
PR01051	MTABOTROPC1R	1.00000000000094	9.376962097421e-13	1	0	0	2	4759
PR01146	GPR1ORPHANR	1.00000000000094	9.376962097421e-13	1	0	0	2	4759
PR02042	CCSMST1	1.00000000000094	9.376962097421e-13	1	0	0	2	4759
PR00658	CD44	1.00000000000094	9.376962097421e-13	1	0	0	2	4759
PR00932	AMINO1PTASE	1.00000000000094	9.376962097421e-13	1	0	0	2	4759
PR01053	MTABOTROPC3R	1.00000000000094	9.376962097421e-13	1	0	0	2	4759
PR01633	RVDCCALPHA1	1.00000000000094	9.376962097421e-13	1	0	0	2	4759
PR01617	GABAARALPHA4	1.00000000000094	9.376962097421e-13	1	0	0	2	4759
PR02001	GCR1CAMPR	1.00000000000094	9.376962097421e-13	1	0	0	2	4759
PR00579	RHODOPSIN	1.00000000000094	9.376962097421e-13	1	0	0	2	4759
PR00882	RIBOSOMALL7A	1.00000000000094	9.376962097421e-13	1	0	0	2	4759
PR00979	TAFAZZIN	1.00000000000094	9.376962097421e-13	1	0	0	2	4759
PR00752	VASOPRSNV1AR	1.00000000000094	9.376962097421e-13	1	0	0	2	4759
PR00706	PYROGLUPTASE	1.00000000000094	9.376962097421e-13	1	0	0	2	4759
PR00565	DOPAMINED1AR	1.00000000000094	9.376962097421e-13	1	0	0	2	4759
PR01030	PENKBPRCRSR	1.00000000000094	9.376962097421e-13	1	0	0	2	4759
PR01685	EP450ICYP2B	1.00000000000094	9.376962097421e-13	1	0	0	2	4759
PR01046	TRNASYNTHPRO	1.00000000000094	9.376962097421e-13	1	0	0	2	4759
PR00850	GLHYDRLASE59	1.00000000000094	9.376962097421e-13	1	0	0	2	4759
PR02068	VOPPROTEIN1	1.00000000000094	9.376962097421e-13	1	0	0	2	4759
PR01319	GDNFRALPHA3	1.00000000000094	9.376962097421e-13	1	0	0	2	4759
PR00102	OTCASE	1.00000000000094	9.376962097421e-13	1	0	0	2	4759
PR00528	GLCORTICOIDR	1.00000000000094	9.376962097421e-13	1	0	0	2	4759
PR01598	ZONOCCLUDNS1	1.00000000000094	9.376962097421e-13	1	0	0	2	4759
PR02006	INSLNLIKEGF2	1.00000000000094	9.376962097421e-13	1	0	0	2	4759
PR01018	PRPRECEPTOR	1.00000000000094	9.376962097421e-13	1	0	0	2	4759
PR01443	TFIID30KDSUB	1.00000000000094	9.376962097421e-13	1	0	0	2	4759
PR00580	PRSTNOIDEP1R	1.00000000000094	9.376962097421e-13	1	0	0	2	4759
PR02021	AQUAPORIN9	1.00000000000094	9.376962097421e-13	1	0	0	2	4759
PR01524	EDG3RECEPTOR	1.00000000000094	9.376962097421e-13	1	0	0	2	4759
PR01920	TNFACTORR3	1.00000000000094	9.376962097421e-13	1	0	0	2	4759
PR02020	AQUAPORIN8	1.00000000000094	9.376962097421e-13	1	0	0	2	4759
PR01016	NRPEPTIDEY5R	1.00000000000094	9.376962097421e-13	1	0	0	2	4759
PR01094	SULFNYLUR2	1.00000000000094	9.376962097421e-13	1	0	0	2	4759
PR00719	LMWPTPASE	1.00000000000094	9.376962097421e-13	1	0	0	2	4759
PR01645	TRPCHANNEL4	1.00000000000094	9.376962097421e-13	1	0	0	2	4759
PR01291	PROXISOMPAGR	1.00000000000094	9.376962097421e-13	1	0	0	2	4759
PR01329	KIR33CHANNEL	1.00000000000094	9.376962097421e-13	1	0	0	2	4759
PR00651	5HT2BRECEPTR	1.00000000000094	9.376962097421e-13	1	0	0	2	4759
PR00361	CALCITONINR	1.00000000000094	9.376962097421e-13	1	0	0	2	4759
PR00897	VASOPRSNV1BR	1.00000000000094	9.376962097421e-13	1	0	0	2	4759
PR01550	TOP6AFAMILY	1.00000000000094	9.376962097421e-13	1	0	0	2	4759
PR01572	NPFFRECEPTR2	1.00000000000094	9.376962097421e-13	1	0	0	2	4759
PR00568	DOPAMINED3R	1.00000000000094	9.376962097421e-13	1	0	0	2	4759
PR00712	BNATPEPTIDE	1.00000000000094	9.376962097421e-13	1	0	0	2	4759
PR01188	ANIONEXHNGR2	1.00000000000094	9.376962097421e-13	1	0	0	2	4759
PR01418	GALANIN1R	1.00000000000094	9.376962097421e-13	1	0	0	2	4759
PR00855	PRSTNOIDFPR	1.00000000000094	9.376962097421e-13	1	0	0	2	4759
PR02110	MRGPCRD	1.00000000000094	9.376962097421e-13	1	0	0	2	4759
PR01280	CRFRECEPTOR1	1.00000000000094	9.376962097421e-13	1	0	0	2	4759
PR01083	LYMPHSPCIFIC	1.00000000000094	9.376962097421e-13	1	0	0	2	4759
PR01934	INTRLEUKIN19	1.00000000000094	9.376962097421e-13	1	0	0	2	4759
PR01174	RETINOLBNDNG	1.00000000000094	9.376962097421e-13	1	0	0	2	4759
PR02087	HAUSAUGMINL1	1.00000000000094	9.376962097421e-13	1	0	0	2	4759
PR01478	LTB2RECEPTOR	1.00000000000094	9.376962097421e-13	1	0	0	2	4759
PR01082	KCLTRNSPORT1	1.00000000000094	9.376962097421e-13	1	0	0	2	4759
PR00523	CANABINOID2R	1.00000000000094	9.376962097421e-13	1	0	0	2	4759
PR01927	INTRLEUKIN11	1.00000000000094	9.376962097421e-13	1	0	0	2	4759
PR00898	VASOPRSNV2R	1.00000000000094	9.376962097421e-13	1	0	0	2	4759
PR01460	KCNQ1CHANNEL	1.00000000000094	9.376962097421e-13	1	0	0	2	4759
PR00818	ISLETAMYLOID	1.00000000000094	9.376962097421e-13	1	0	0	2	4759
PR01089	NEUREGULIN	1.00000000000094	9.376962097421e-13	1	0	0	2	4759
PR01563	G2ARECEPTOR	1.00000000000094	9.376962097421e-13	1	0	0	2	4759
PR01863	APOPREGBCL2	1.00000000000094	9.376962097421e-13	1	0	0	2	4759
PR00627	GTPRANTC4	1.00000000000094	9.376962097421e-13	1	0	0	2	4759
PR01585	TASK3CHANNEL	1.00000000000094	9.376962097421e-13	1	0	0	2	4759
PR01784	MCH2RECEPTOR	1.00000000000094	9.376962097421e-13	1	0	0	2	4759
PR01877	MTGR1PROTEIN	1.00000000000094	9.376962097421e-13	1	0	0	2	4759
PR01062	MELNOCORTN4R	1.00000000000094	9.376962097421e-13	1	0	0	2	4759
PR00642	EDG1RECEPTOR	1.00000000000094	9.376962097421e-13	1	0	0	2	4759
PR01841	WNT1PROTEIN	1.00000000000094	9.376962097421e-13	1	0	0	2	4759
PR01074	PRESENILIN2	1.00000000000094	9.376962097421e-13	1	0	0	2	4759
PR00198	ANNEXINII	1.00000000000094	9.376962097421e-13	1	0	0	2	4759
PR01109	CHEMOKINER4	1.00000000000094	9.376962097421e-13	1	0	0	2	4759
PR00197	ANNEXINI	1.00000000000094	9.376962097421e-13	1	0	0	2	4759
PR01966	TNFACTORR16	1.00000000000094	9.376962097421e-13	1	0	0	2	4759
PR01144	LSHRECEPTOR	1.00000000000094	9.376962097421e-13	1	0	0	2	4759
PR01912	BDNFACTOR	1.00000000000094	9.376962097421e-13	1	0	0	2	4759
PR00538	MUSCRINICM1R	1.00000000000094	9.376962097421e-13	1	0	0	2	4759
PR01929	INTRLEUKIN13	1.00000000000094	9.376962097421e-13	1	0	0	2	4759
PR01674	GLYRALPHA1	1.00000000000094	9.376962097421e-13	1	0	0	2	4759
PR01914	NEUROTROPHN3	1.00000000000094	9.376962097421e-13	1	0	0	2	4759
PR02092	HEPBVIRUSXIP	1.00000000000094	9.376962097421e-13	1	0	0	2	4759
PR00322	G10	1.00000000000094	9.376962097421e-13	1	0	0	2	4759
PR01868	ABCEFAMILY	1.00000000000094	9.376962097421e-13	1	0	0	2	4759
PR01978	IGFBPFAMILY2	1.00000000000094	9.376962097421e-13	1	0	0	2	4759
PR01029	PENKAPRCRSR	1.00000000000094	9.376962097421e-13	1	0	0	2	4759
PR01902	CYSLT1RECPTR	1.00000000000094	9.376962097421e-13	1	0	0	2	4759
PR00515	5HT1FRECEPTR	1.00000000000094	9.376962097421e-13	1	0	0	2	4759
PR00887	SSRCOGNITION	1.00000000000094	9.376962097421e-13	1	0	0	2	4759
PR00595	P2Y1PRNOCPTR	1.00000000000094	9.376962097421e-13	1	0	0	2	4759
PR01579	KCNAB2CHANEL	1.00000000000094	9.376962097421e-13	1	0	0	2	4759
PR01532	CXCCHMKINER3	1.00000000000094	9.376962097421e-13	1	0	0	2	4759
PR01224	DELTATUBULIN	1.00000000000094	9.376962097421e-13	1	0	0	2	4759
PR01356	GFGPROTEIN	1.00000000000094	9.376962097421e-13	1	0	0	2	4759
PR00558	ADRENRGCA2AR	1.00000000000094	9.376962097421e-13	1	0	0	2	4759
PR01687	EP450ICYP2E	1.00000000000094	9.376962097421e-13	1	0	0	2	4759
PR01669	TAPASIN	1.00000000000094	9.376962097421e-13	1	0	0	2	4759
PR02033	PLACENTIN	1.00000000000094	9.376962097421e-13	1	0	0	2	4759
PR01110	CHEMOKINER5	1.00000000000094	9.376962097421e-13	1	0	0	2	4759
PR01134	CONNEXINA4	1.00000000000094	9.376962097421e-13	1	0	0	2	4759
PR01604	KCNE1CHANNEL	1.00000000000094	9.376962097421e-13	1	0	0	2	4759
PR01682	FMRFAMIDEPEP	1.00000000000094	9.376962097421e-13	1	0	0	2	4759
PR01096	TWIK1CHANNEL	1.00000000000094	9.376962097421e-13	1	0	0	2	4759
PR01250	RIBOSOMALL34	1.00000000000094	9.376962097421e-13	1	0	0	2	4759
PR01979	IGFBPFAMILY3	1.00000000000094	9.376962097421e-13	1	0	0	2	4759
PR02065	PROTEINDPCD	1.00000000000094	9.376962097421e-13	1	0	0	2	4759
PR00816	ZETAHAEM	1.00000000000094	9.376962097421e-13	1	0	0	2	4759
PR01454	EPMEMPROT1	1.00000000000094	9.376962097421e-13	1	0	0	2	4759
PR02052	ABRAXAS	1.00000000000094	9.376962097421e-13	1	0	0	2	4759
PR01331	KIR61CHANNEL	1.00000000000094	9.376962097421e-13	1	0	0	2	4759
PR01933	INTRLEUKIN18	1.00000000000094	9.376962097421e-13	1	0	0	2	4759
PR01984	NOTCH1	1.00000000000094	9.376962097421e-13	1	0	0	2	4759
PR00216	OSTEOPONTIN	1.00000000000094	9.376962097421e-13	1	0	0	2	4759
PR01287	NURRNUCRCPTR	1.00000000000094	9.376962097421e-13	1	0	0	2	4759
PR01831	TRACEAMINE1R	1.00000000000094	9.376962097421e-13	1	0	0	2	4759
PR01148	EDG2RECEPTOR	1.00000000000094	9.376962097421e-13	1	0	0	2	4759
PR00852	XRODRMPGMNTD	1.00000000000094	9.376962097421e-13	1	0	0	2	4759
PR01317	GDNFRALPHA1	1.00000000000094	9.376962097421e-13	1	0	0	2	4759
PR00904	FRATAXIN	1.00000000000094	9.376962097421e-13	1	0	0	2	4759
PR01172	BLCTOGLOBULN	1.00000000000094	9.376962097421e-13	1	0	0	2	4759
PR01936	INTRLEUKIN22	1.00000000000094	9.376962097421e-13	1	0	0	2	4759
PR01000	SREBPS2PTASE	1.00000000000094	9.376962097421e-13	1	0	0	2	4759
PR02105	INTSUBUNIT2	1.00000000000094	9.376962097421e-13	1	0	0	2	4759
PR01314	P2X7RECEPTOR	1.00000000000094	9.376962097421e-13	1	0	0	2	4759
PR00432	INTERLEUKIN5	1.00000000000094	9.376962097421e-13	1	0	0	2	4759
PR01209	NAKCLTRSPRT2	1.00000000000094	9.376962097421e-13	1	0	0	2	4759
PR01960	TNFACTORR7	1.00000000000094	9.376962097421e-13	1	0	0	2	4759
PR00804	VITAMNDBNDNG	1.00000000000094	9.376962097421e-13	1	0	0	2	4759
PR01587	TWIK2CHANNEL	1.00000000000094	9.376962097421e-13	1	0	0	2	4759
PR01430	PROTEASEAR4	1.00000000000094	9.376962097421e-13	1	0	0	2	4759
PR00665	OXYTOCINR	1.00000000000094	9.376962097421e-13	1	0	0	2	4759
PR01481	NEUROTENSN2R	1.00000000000094	9.376962097421e-13	1	0	0	2	4759
PR01557	CHEMOKINER10	1.00000000000094	9.376962097421e-13	1	0	0	2	4759
PR01512	KV15CHANNEL	1.00000000000094	9.376962097421e-13	1	0	0	2	4759
PR01886	PASS1	1.00000000000094	9.376962097421e-13	1	0	0	2	4759
PR01060	C3ANPHYLTXNR	1.00000000000094	9.376962097421e-13	1	0	0	2	4759
PR00589	SOMATOSTTN3R	1.00000000000094	9.376962097421e-13	1	0	0	2	4759
PR01931	INTRLEUKIN16	1.00000000000094	9.376962097421e-13	1	0	0	2	4759
PR01236	TNFBETA	1.00000000000094	9.376962097421e-13	1	0	0	2	4759
PR01987	NOTCH4	1.00000000000094	9.376962097421e-13	1	0	0	2	4759
PR01115	CLCHANNEL4	1.00000000000094	9.376962097421e-13	1	0	0	2	4759
PR00317	EPENDYMIN	1.00000000000094	9.376962097421e-13	1	0	0	2	4759
PR01672	GABAARRHO2	1.00000000000094	9.376962097421e-13	1	0	0	2	4759
PR01648	TRPCHANNEL7	1.00000000000094	9.376962097421e-13	1	0	0	2	4759
PR00603	CYTOCHROMEC1	1.00000000000094	9.376962097421e-13	1	0	0	2	4759
PR00144	DALDHYDRTASE	1.00000000000094	9.376962097421e-13	1	0	0	2	4759
PR01132	CONNEXINA1	1.00000000000094	9.376962097421e-13	1	0	0	2	4759
PR01431	TUBERIN	1.00000000000094	9.376962097421e-13	1	0	0	2	4759
PR01767	ECACCHANNEL2	1.00000000000094	9.376962097421e-13	1	0	0	2	4759
PR00410	PHEHYDRXLASE	1.00000000000094	9.376962097421e-13	1	0	0	2	4759
PR00517	5HT2CRECEPTR	1.00000000000094	9.376962097421e-13	1	0	0	2	4759
PR00151	PORPHBDMNASE	1.00000000000094	9.376962097421e-13	1	0	0	2	4759
PR00521	ANDROGENR	1.00000000000094	9.376962097421e-13	1	0	0	2	4759
PR01859	ADAMTS2	1.00000000000094	9.376962097421e-13	1	0	0	2	4759
PR01668	NEUROTENSIN	1.00000000000094	9.376962097421e-13	1	0	0	2	4759
PR00486	UTEROGLOBIN	1.00000000000094	9.376962097421e-13	1	0	0	2	4759
PR00062	RIBOSOMALL20	1.00000000000094	9.376962097421e-13	1	0	0	2	4759
PR01851	CYSFIBREGLTR	1.00000000000094	9.376962097421e-13	1	0	0	2	4759
PR00274	GLYCOHORMONE	1.00000000000094	9.376962097421e-13	1	0	0	2	4759
PR00273	GALANIN	1.00000000000094	9.376962097421e-13	1	0	0	2	4759
PR01895	WNT16PROTEIN	1.00000000000094	9.376962097421e-13	1	0	0	2	4759
PR00063	RIBOSOMALL27	1.00000000000094	9.376962097421e-13	1	0	0	2	4759
PR02049	PROTEINF36A	1.00000000000094	9.376962097421e-13	1	0	0	2	4759
PR00532	KAPPAOPIOIDR	1.00000000000094	9.376962097421e-13	1	0	0	2	4759
PR01922	TNFACTORR5	1.00000000000094	9.376962097421e-13	1	0	0	2	4759
PR00553	ADENOSINA2AR	1.00000000000094	9.376962097421e-13	1	0	0	2	4759
PR01085	NAHEXCHNGR1	1.00000000000094	9.376962097421e-13	1	0	0	2	4759
PR01310	P2X3RECEPTOR	1.00000000000094	9.376962097421e-13	1	0	0	2	4759
PR01194	GLUCTRSPORT5	1.00000000000094	9.376962097421e-13	1	0	0	2	4759
PR01718	CLAUDIN15	1.00000000000094	9.376962097421e-13	1	0	0	2	4759
PR00647	UROTENSIN2R	1.00000000000094	9.376962097421e-13	1	0	0	2	4759
PR02089	HAUSAUGMINL3	1.00000000000094	9.376962097421e-13	1	0	0	2	4759
PR01257	OTX2HOMEOBOX	1.00000000000094	9.376962097421e-13	1	0	0	2	4759
PR01559	DUFFYANTIGEN	1.00000000000094	9.376962097421e-13	1	0	0	2	4759
PR01055	MTABOTROPC5R	1.00000000000094	9.376962097421e-13	1	0	0	2	4759
PR01967	TNFACTORR17	1.00000000000094	9.376962097421e-13	1	0	0	2	4759
PR02015	AQUAPORIN3	1.00000000000094	9.376962097421e-13	1	0	0	2	4759
PR00582	PRSTNOIDEP3R	1.00000000000094	9.376962097421e-13	1	0	0	2	4759
PR01560	EDG7RECEPTOR	1.00000000000094	9.376962097421e-13	1	0	0	2	4759
PR00544	PROGESTRONER	1.00000000000094	9.376962097421e-13	1	0	0	2	4759
PR01107	CHEMOKINER2	1.00000000000094	9.376962097421e-13	1	0	0	2	4759
PR00136	LACTALBUMIN	1.00000000000094	9.376962097421e-13	1	0	0	2	4759
PR01126	DEZORPHANR	1.00000000000094	9.376962097421e-13	1	0	0	2	4759
PR01662	MCMPROTEIN6	1.00000000000094	9.376962097421e-13	1	0	0	2	4759
PR00564	CXCCHMKINER5	1.00000000000094	9.376962097421e-13	1	0	0	2	4759
PR02083	GKINASEAP1	1.00000000000094	9.376962097421e-13	1	0	0	2	4759
PR01193	GLUCTRSPORT4	1.00000000000094	9.376962097421e-13	1	0	0	2	4759
PR01603	VDCCGAMMA4	1.00000000000094	9.376962097421e-13	1	0	0	2	4759
PR00215	NEUROMODULIN	1.00000000000094	9.376962097421e-13	1	0	0	2	4759
PR01624	GHRELIN	1.00000000000094	9.376962097421e-13	1	0	0	2	4759
PR01382	CLAUDIN9	1.00000000000094	9.376962097421e-13	1	0	0	2	4759
PR01328	KIR32CHANNEL	1.00000000000094	9.376962097421e-13	1	0	0	2	4759
PR01230	NACLTRNSPORT	1.00000000000094	9.376962097421e-13	1	0	0	2	4759
PR01014	NRPEPTIDEY2R	1.00000000000094	9.376962097421e-13	1	0	0	2	4759
PR00334	KININOGEN	1.00000000000094	9.376962097421e-13	1	0	0	2	4759
PR01567	NEUROMEDNU2R	1.00000000000094	9.376962097421e-13	1	0	0	2	4759
PR01034	RIBOSOMALS12	1.00000000000094	9.376962097421e-13	1	0	0	2	4759
PR01455	EPMEMPROT2	1.00000000000094	9.376962097421e-13	1	0	0	2	4759
PR00671	INHIBINBB	1.00000000000094	9.376962097421e-13	1	0	0	2	4759
PR00975	RIBOSOMALS19	1.00000000000094	9.376962097421e-13	1	0	0	2	4759
PR01601	VDCCGAMMA1	1.00000000000094	9.376962097421e-13	1	0	0	2	4759
PR01511	KV14CHANNEL	1.00000000000094	9.376962097421e-13	1	0	0	2	4759
PR01177	GABAB1RECPTR	1.00000000000094	9.376962097421e-13	1	0	0	2	4759
PR00192	FACTINCAPB	1.00000000000094	9.376962097421e-13	1	0	0	2	4759
PR01151	MELATONIN1XR	1.00000000000094	9.376962097421e-13	1	0	0	2	4759
PR01680	TNFACTORR6	1.00000000000094	9.376962097421e-13	1	0	0	2	4759
PR00516	5HT2ARECEPTR	1.00000000000094	9.376962097421e-13	1	0	0	2	4759
PR02017	AQUAPORIN5	1.00000000000094	9.376962097421e-13	1	0	0	2	4759
PR01865	APOPREGBCLW	1.00000000000094	9.376962097421e-13	1	0	0	2	4759
PR00341	PRION	1.00000000000094	9.376962097421e-13	1	0	0	2	4759
PR01121	FMOXYGENASE1	1.00000000000094	9.376962097421e-13	1	0	0	2	4759
PR00972	RIBSOMALS12E	1.00000000000094	9.376962097421e-13	1	0	0	2	4759
PR01153	PAFRECEPTOR	1.00000000000094	9.376962097421e-13	1	0	0	2	4759
PR01405	TETRPHPHTASE	1.00000000000094	9.376962097421e-13	1	0	0	2	4759
PR01981	IGFBPFAMILY5	1.00000000000094	9.376962097421e-13	1	0	0	2	4759
PR00407	EUMOPTERIN	1.00000000000094	9.376962097421e-13	1	0	0	2	4759
PR01268	GSTRNSFRASEP	1.00000000000094	9.376962097421e-13	1	0	0	2	4759
PR00493	BRSTCANCERI	1.00000000000094	9.376962097421e-13	1	0	0	2	4759
PR00537	MUOPIOIDR	1.00000000000094	9.376962097421e-13	1	0	0	2	4759
PR01872	CLAUDIN12	1.00000000000094	9.376962097421e-13	1	0	0	2	4759
PR00350	VITAMINDR	1.00000000000094	9.376962097421e-13	1	0	0	2	4759
PR02085	POLR2GRINL1	1.00000000000094	9.376962097421e-13	1	0	0	2	4759
PR01196	GAT2TRNSPORT	1.00000000000094	9.376962097421e-13	1	0	0	2	4759
PR00572	INTRLEUKN8AR	1.00000000000094	9.376962097421e-13	1	0	0	2	4759
PR01123	FMOXYGENASE3	1.00000000000094	9.376962097421e-13	1	0	0	2	4759
PR01605	KCNE2CHANNEL	1.00000000000094	9.376962097421e-13	1	0	0	2	4759
PR01025	NEUROKININ2R	1.00000000000094	9.376962097421e-13	1	0	0	2	4759
PR01968	TNFACTORR18	1.00000000000094	9.376962097421e-13	1	0	0	2	4759
PR01660	MCMPROTEIN4	1.00000000000094	9.376962097421e-13	1	0	0	2	4759
PR01245	RAD1REC1	1.00000000000094	9.376962097421e-13	1	0	0	2	4759
PR01990	CD74ANTIGEN	1.00000000000094	9.376962097421e-13	1	0	0	2	4759
PR01521	OREXIN1R	1.00000000000094	9.376962097421e-13	1	0	0	2	4759
PR01812	ANNEXINXXXI	1.00000000000094	9.376962097421e-13	1	0	0	2	4759
PR00125	ATPASEDELTA	1.00000000000094	9.376962097421e-13	1	0	0	2	4759
PR01043	TRNASYNTHGLY	1.00000000000094	9.376962097421e-13	1	0	0	2	4759
PR00635	ANGIOTENSN1R	1.00000000000094	9.376962097421e-13	1	0	0	2	4759
PR01403	8OXTPHPHTASE	1.00000000000094	9.376962097421e-13	1	0	0	2	4759
PR01906	FISHGLOBIN	1.00000000000094	9.376962097421e-13	1	0	0	2	4759
PR01878	MTG16PROTEIN	1.00000000000094	9.376962097421e-13	1	0	0	2	4759
PR01200	TAUTRANSPORT	1.00000000000094	9.376962097421e-13	1	0	0	2	4759
PR00539	MUSCRINICM2R	1.00000000000094	9.376962097421e-13	1	0	0	2	4759
PR01975	TNFACTORR11B	1.00000000000094	9.376962097421e-13	1	0	0	2	4759
PR01063	MELNOCORTN5R	1.00000000000094	9.376962097421e-13	1	0	0	2	4759
PR01611	LIMPII	1.00000000000094	9.376962097421e-13	1	0	0	2	4759
PR01726	HISTAMINEH4R	1.00000000000094	9.376962097421e-13	1	0	0	2	4759
PR01658	MCMPROTEIN2	1.00000000000094	9.376962097421e-13	1	0	0	2	4759
PR01690	TASK5CHANNEL	1.00000000000094	9.376962097421e-13	1	0	0	2	4759
PR00527	GASTRINR	1.00000000000094	9.376962097421e-13	1	0	0	2	4759
PR01515	KV22CHANNEL	1.00000000000094	9.376962097421e-13	1	0	0	2	4759
PR01634	LVDCCALPHA1S	1.00000000000094	9.376962097421e-13	1	0	0	2	4759
PR02098	HYLETHALUSS1	1.00000000000094	9.376962097421e-13	1	0	0	2	4759
PR01641	PROMCHFAMILY	1.00000000000094	9.376962097421e-13	1	0	0	2	4759
PR02106	INTSUBUNIT10	1.00000000000094	9.376962097421e-13	1	0	0	2	4759
PR01105	CXCCHMKINER6	1.00000000000094	9.376962097421e-13	1	0	0	2	4759
PR00639	NEUROMEDINBR	1.00000000000094	9.376962097421e-13	1	0	0	2	4759
PR01384	CLAUDIN11	1.00000000000094	9.376962097421e-13	1	0	0	2	4759
PR00076	6PGDHDRGNASE	1.00000000000094	9.376962097421e-13	1	0	0	2	4759
PR01562	FRACTALKINER	1.00000000000094	9.376962097421e-13	1	0	0	2	4759
PR00851	XRODRMPGMNTB	1.00000000000094	9.376962097421e-13	1	0	0	2	4759
PR01796	VDCCGAMMA8	1.00000000000094	9.376962097421e-13	1	0	0	2	4759
PR01713	NUCEPIMERASE	1.00000000000094	9.376962097421e-13	1	0	0	2	4759
PR01923	TNFACTORR8	1.00000000000094	9.376962097421e-13	1	0	0	2	4759
PR00826	FANCONIAGENE	1.00000000000094	9.376962097421e-13	1	0	0	2	4759
PR01379	CLAUDIN4	1.00000000000094	9.376962097421e-13	1	0	0	2	4759
PR00654	ANGIOTENSNGN	1.00000000000094	9.376962097421e-13	1	0	0	2	4759
PR01777	INTERFERONGR	1.00000000000094	9.376962097421e-13	1	0	0	2	4759
PR01252	AMPHIPHYSIN1	1.00000000000094	9.376962097421e-13	1	0	0	2	4759
PR01826	JANUSKINASE3	1.00000000000094	9.376962097421e-13	1	0	0	2	4759
PR01622	GABAARGAMMA2	1.00000000000094	9.376962097421e-13	1	0	0	2	4759
PR01724	GABAARPI	1.00000000000094	9.376962097421e-13	1	0	0	2	4759
PR00542	MUSCRINICM5R	1.00000000000094	9.376962097421e-13	1	0	0	2	4759
PR01679	KIR7CHANNEL	1.00000000000094	9.376962097421e-13	1	0	0	2	4759
PR01500	TROPOELASTIN	1.00000000000094	9.376962097421e-13	1	0	0	2	4759
PR01915	NEUROTROPHN4	1.00000000000094	9.376962097421e-13	1	0	0	2	4759
PR01666	NACHANNEL5	1.00000000000094	9.376962097421e-13	1	0	0	2	4759
PR01212	ASYNUCLEIN	1.00000000000094	9.376962097421e-13	1	0	0	2	4759
PR01794	VDCCGAMMA6	1.00000000000094	9.376962097421e-13	1	0	0	2	4759
PR01507	MCH1RECEPTOR	1.00000000000094	9.376962097421e-13	1	0	0	2	4759
PR01589	CLAUDIN2	1.00000000000094	9.376962097421e-13	1	0	0	2	4759
PR00561	ADRENRGCB1AR	1.00000000000094	9.376962097421e-13	1	0	0	2	4759
PR01113	CLCHANNEL2	1.00000000000094	9.376962097421e-13	1	0	0	2	4759
PR00270	CALCITONINA	1.00000000000094	9.376962097421e-13	1	0	0	2	4759
PR02111	MRGPCRE	1.00000000000094	9.376962097421e-13	1	0	0	2	4759
PR01845	WNT6PROTEIN	1.00000000000094	9.376962097421e-13	1	0	0	2	4759
PR00346	TISSUEFACTOR	1.00000000000094	9.376962097421e-13	1	0	0	2	4759
PR01874	DNAREPAIRADA	1.00000000000094	9.376962097421e-13	1	0	0	2	4759
PR01835	VEGFRECEPTR3	1.00000000000094	9.376962097421e-13	1	0	0	2	4759
PR01199	CRTTRANSPORT	1.00000000000094	9.376962097421e-13	1	0	0	2	4759
PR00525	DELTAOPIOIDR	1.00000000000094	9.376962097421e-13	1	0	0	2	4759
PR01719	MHCIIACTVATR	1.00000000000094	9.376962097421e-13	1	0	0	2	4759
PR01138	CONNEXINB1	1.00000000000094	9.376962097421e-13	1	0	0	2	4759
PR01309	P2X2RECEPTOR	1.00000000000094	9.376962097421e-13	1	0	0	2	4759
PR00652	5HT7RECEPTR	1.00000000000094	9.376962097421e-13	1	0	0	2	4759
PR00139	ASNGLNASE	1.00000000000094	9.376962097421e-13	1	0	0	2	4759
PR01198	BETTRANSPORT	1.00000000000094	9.376962097421e-13	1	0	0	2	4759
PR01202	DOPTRANSPORT	1.00000000000094	9.376962097421e-13	1	0	0	2	4759
PR01564	OGR1RECEPTOR	1.00000000000094	9.376962097421e-13	1	0	0	2	4759
PR01275	NGELATINASE	1.00000000000094	9.376962097421e-13	1	0	0	2	4759
PR00693	GMCSFACTOR	1.00000000000094	9.376962097421e-13	1	0	0	2	4759
PR01380	CLAUDIN5	1.00000000000094	9.376962097421e-13	1	0	0	2	4759
PR01828	NEUROKININB	1.00000000000094	9.376962097421e-13	1	0	0	2	4759
PR01140	CONNEXINB3	1.00000000000094	9.376962097421e-13	1	0	0	2	4759
PR00591	SOMATOSTTN5R	1.00000000000094	9.376962097421e-13	1	0	0	2	4759
PR02102	PROTEININCA1	1.00000000000094	9.376962097421e-13	1	0	0	2	4759
PR00547	XOPIOIDR	1.00000000000094	9.376962097421e-13	1	0	0	2	4759
PR01702	CD40LIGAND	1.00000000000094	9.376962097421e-13	1	0	0	2	4759
PR00843	GLHYDRLASE30	1.00000000000094	9.376962097421e-13	1	0	0	2	4759
PR01766	ECACCHANNEL1	1.00000000000094	9.376962097421e-13	1	0	0	2	4759
PR01890	PPNRPEPTIDEW	1.00000000000094	9.376962097421e-13	1	0	0	2	4759
PR01058	MTABOTROPC8R	1.00000000000094	9.376962097421e-13	1	0	0	2	4759
PR01462	KCNQ3CHANNEL	1.00000000000094	9.376962097421e-13	1	0	0	2	4759
PR01811	ANNEXINXIII	1.00000000000094	9.376962097421e-13	1	0	0	2	4759
PR01528	EDG4RECEPTOR	1.00000000000094	9.376962097421e-13	1	0	0	2	4759
PR01352	GHRHRECEPTOR	1.00000000000094	9.376962097421e-13	1	0	0	2	4759
PR00472	CASNKINASEII	1.00000000000094	9.376962097421e-13	1	0	0	2	4759
PR01646	TRPCHANNEL5	1.00000000000094	9.376962097421e-13	1	0	0	2	4759
PR01475	PARKIN	1.00000000000094	9.376962097421e-13	1	0	0	2	4759
PR01798	SCOASYNTHASE	1.00000000000094	9.376962097421e-13	1	0	0	2	4759
PR00574	OPSINBLUE	1.00000000000094	9.376962097421e-13	1	0	0	2	4759
PR01940	NTKRECEPTOR1	1.00000000000094	9.376962097421e-13	1	0	0	2	4759
PR00790	PAMONOXGNASE	1.00000000000094	9.376962097421e-13	1	0	0	2	4759
PR01749	AP2ATNSCPFCT	1.00000000000094	9.376962097421e-13	1	0	0	2	4759
PR02056	PROTEINF105A	1.00000000000094	9.376962097421e-13	1	0	0	2	4759
PR01971	TNFACTORR21	1.00000000000094	9.376962097421e-13	1	0	0	2	4759
PR02072	4JOINTEDBOX1	1.00000000000094	9.376962097421e-13	1	0	0	2	4759
PR00132	GLHYDRLASE2	1.00000000000094	9.376962097421e-13	1	0	0	2	4759
PR01214	GSYNUCLEIN	1.00000000000094	9.376962097421e-13	1	0	0	2	4759
PR01824	JANUSKINASE1	1.00000000000094	9.376962097421e-13	1	0	0	2	4759
PR00540	MUSCRINICM3R	1.00000000000094	9.376962097421e-13	1	0	0	2	4759
PR01147	GPR4RECEPTOR	1.00000000000094	9.376962097421e-13	1	0	0	2	4759
PR01420	GALANIN3R	1.00000000000094	9.376962097421e-13	1	0	0	2	4759
PR01742	SEPTIN7	1.00000000000094	9.376962097421e-13	1	0	0	2	4759
PR00643	G10DORPHANR	1.00000000000094	9.376962097421e-13	1	0	0	2	4759
PR01541	GONADOLIBRNI	1.00000000000094	9.376962097421e-13	1	0	0	2	4759
PR01677	GLYRBETA	1.00000000000094	9.376962097421e-13	1	0	0	2	4759
PR02061	WOLFRAMIN	1.00000000000094	9.376962097421e-13	1	0	0	2	4759
PR01964	TNFACTORR13C	1.00000000000094	9.376962097421e-13	1	0	0	2	4759
PR01505	PROTHROMBIN	1.00000000000094	9.376962097421e-13	1	0	0	2	4759
PR01584	TASK1CHANNEL	1.00000000000094	9.376962097421e-13	1	0	0	2	4759
PR01763	DISHEVELLED3	1.00000000000094	9.376962097421e-13	1	0	0	2	4759
PR01076	CALDESMON	1.00000000000094	9.376962097421e-13	1	0	0	2	4759
PR01525	EDG5RECEPTOR	1.00000000000094	9.376962097421e-13	1	0	0	2	4759
PR01377	CLAUDIN1	1.00000000000094	9.376962097421e-13	1	0	0	2	4759
PR01632	PQVDCCALPHA1	1.00000000000094	9.376962097421e-13	1	0	0	2	4759
PR00556	ADRENRGCA1BR	1.00000000000094	9.376962097421e-13	1	0	0	2	4759
PR00637	BOMBESIN3R	1.00000000000094	9.376962097421e-13	1	0	0	2	4759
PR01970	TNFACTORR19L	1.00000000000094	9.376962097421e-13	1	0	0	2	4759
PR01728	KISS1RECEPTR	1.00000000000094	9.376962097421e-13	1	0	0	2	4759
PR02040	CDK2IP	1.00000000000094	9.376962097421e-13	1	0	0	2	4759
PR01925	MAMLNGFBETA	1.00000000000094	9.376962097421e-13	1	0	0	2	4759
PR00566	DOPAMINED1BR	1.00000000000094	9.376962097421e-13	1	0	0	2	4759
PR01817	BACE2	1.00000000000094	9.376962097421e-13	1	0	0	2	4759
PR00744	GLHYDRLASE37	1.00000000000094	9.376962097421e-13	1	0	0	2	4759
PR01569	P2Y12PRNCPTR	1.00000000000094	9.376962097421e-13	1	0	0	2	4759
PR01751	AP2CTNSCPFCT	1.00000000000094	9.376962097421e-13	1	0	0	2	4759
PR01881	LBHPROTEIN	1.00000000000094	9.376962097421e-13	1	0	0	2	4759
PR00171	SUGRTRNSPORT	1.00000000000135	1.34906331203009e-12	14	0	0	2	4759
PR00248	GPCRMGR	1.00000000000135	1.34906331203009e-12	14	0	0	2	4759
PR00704	CALPAIN	1.00000000000135	1.34906331203009e-12	14	0	0	2	4759
PR00783	MINTRINSICP	1.00000000000135	1.34906331203009e-12	14	0	0	2	4759
PR00628	INSULINRSI	1.00000000000156	1.56237523803247e-12	3	0	0	2	4759
PR00978	STARPROTEIN	1.00000000000156	1.56237523803247e-12	3	0	0	2	4759
PR00300	CLPPROTEASEA	1.00000000000156	1.56237523803247e-12	3	0	0	2	4759
PR00185	EUKARYTPORIN	1.00000000000156	1.56237523803247e-12	3	0	0	2	4759
PR00644	GPRORPHANR	1.00000000000156	1.56237523803247e-12	3	0	0	2	4759
PR01233	JOSEPHIN	1.00000000000156	1.56237523803247e-12	3	0	0	2	4759
PR00488	5LPOXGNASEAP	1.00000000000156	1.56237523803247e-12	3	0	0	2	4759
PR01695	IGHEPTARCPTR	1.00000000000156	1.56237523803247e-12	3	0	0	2	4759
PR00716	MPIPHPHTASE	1.00000000000156	1.56237523803247e-12	3	0	0	2	4759
PR00168	KCNECHANNEL	1.00000000000156	1.56237523803247e-12	3	0	0	2	4759
PR00535	MELNOCORTINR	1.00000000000156	1.56237523803247e-12	3	0	0	2	4759
PR01609	CD36FAMILY	1.00000000000156	1.56237523803247e-12	3	0	0	2	4759
PR01444	LATROPHILIN	1.00000000000156	1.56237523803247e-12	3	0	0	2	4759
PR00686	TIFACTORIID	1.00000000000156	1.56237523803247e-12	3	0	0	2	4759
PR01875	ETOFAMILY	1.00000000000156	1.56237523803247e-12	3	0	0	2	4759
PR00779	INSP3RECEPTR	1.00000000000156	1.56237523803247e-12	3	0	0	2	4759
PR00343	SELECTIN	1.00000000000156	1.56237523803247e-12	3	0	0	2	4759
PR01279	CRFRECEPTOR	1.00000000000156	1.56237523803247e-12	3	0	0	2	4759
PR01182	ORNDCRBXLASE	1.00000000000156	1.56237523803247e-12	3	0	0	2	4759
PR00043	LEUZIPPRJUN	1.00000000000156	1.56237523803247e-12	3	0	0	2	4759
PR00724	CRBOXYPTASEC	1.00000000000156	1.56237523803247e-12	3	0	0	2	4759
PR00302	LUPUSLA	1.00000000000156	1.56237523803247e-12	3	0	0	2	4759
PR00149	FUMRATELYASE	1.00000000000156	1.56237523803247e-12	3	0	0	2	4759
PR01586	TWIKCHANNEL	1.00000000000156	1.56237523803247e-12	3	0	0	2	4759
PR01772	JNKMAPKINASE	1.00000000000156	1.56237523803247e-12	3	0	0	2	4759
PR00241	ANGIOTENSINR	1.00000000000156	1.56237523803247e-12	3	0	0	2	4759
PR00106	DNAPOLB	1.00000000000156	1.56237523803247e-12	3	0	0	2	4759
PR01470	ERGCHANNEL	1.00000000000156	1.56237523803247e-12	3	0	0	2	4759
PR01451	SKCHANNEL	1.00000000000156	1.56237523803247e-12	3	0	0	2	4759
PR01047	TRNASYNTHTHR	1.00000000000156	1.56237523803247e-12	3	0	0	2	4759
PR01950	LANCSUPER	1.00000000000156	1.56237523803247e-12	3	0	0	2	4759
PR00469	PNDRDTASEII	1.00000000000156	1.56237523803247e-12	3	0	0	2	4759
PR01497	SHALCHANNEL	1.00000000000156	1.56237523803247e-12	3	0	0	2	4759
PR00004	ANAPHYLATOXN	1.00000000000156	1.56237523803247e-12	3	0	0	2	4759
PR01743	SSDNABINDING	1.00000000000156	1.56237523803247e-12	3	0	0	2	4759
PR00502	NUDIXFAMILY	1.00000000000156	1.56237523803247e-12	3	0	0	2	4759
PR00881	L7ARS6FAMILY	1.00000000000156	1.56237523803247e-12	3	0	0	2	4759
PR01293	RORNUCRECPTR	1.00000000000156	1.56237523803247e-12	3	0	0	2	4759
PR01251	AMPHIPHYSIN	1.00000000000156	1.56237523803247e-12	3	0	0	2	4759
PR01778	KIMPTPASE	1.00000000000156	1.56237523803247e-12	3	0	0	2	4759
PR02107	INOS145TPRIP	1.00000000000156	1.56237523803247e-12	3	0	0	2	4759
PR00214	MYELINPLP	1.00000000000156	1.56237523803247e-12	3	0	0	2	4759
PR00415	ACONITASE	1.00000000000156	1.56237523803247e-12	3	0	0	2	4759
PR00599	MAPEPTIDASE	1.00000000000156	1.56237523803247e-12	3	0	0	2	4759
PR00148	ENOLASE	1.00000000000156	1.56237523803247e-12	3	0	0	2	4759
PR00092	TYROSINASE	1.00000000000156	1.56237523803247e-12	3	0	0	2	4759
PR00509	PGMPMM	1.00000000000156	1.56237523803247e-12	3	0	0	2	4759
PR00165	ANIONEXCHNGR	1.00000000000156	1.56237523803247e-12	3	0	0	2	4759
PR00660	ERLUMENR	1.00000000000156	1.56237523803247e-12	3	0	0	2	4759
PR01527	LPARECEPTOR	1.00000000000156	1.56237523803247e-12	3	0	0	2	4759
PR00678	PI3KINASEP85	1.00000000000156	1.56237523803247e-12	3	0	0	2	4759
PR01797	SAPOSIN	1.00000000000156	1.56237523803247e-12	3	0	0	2	4759
PR01211	SYNUCLEIN	1.00000000000156	1.56237523803247e-12	3	0	0	2	4759
PR00987	TRNASYNTHGLU	1.00000000000156	1.56237523803247e-12	3	0	0	2	4759
PR01422	GPR56ORPHANR	1.00000000000156	1.56237523803247e-12	3	0	0	2	4759
PR00795	RYANODINER	1.00000000000156	1.56237523803247e-12	3	0	0	2	4759
PR00929	ATHOOK	1.00000000000156	1.56237523803247e-12	3	0	0	2	4759
PR02004	RELAXIN	1.00000000000156	1.56237523803247e-12	3	0	0	2	4759
PR00358	BOMBESINR	1.00000000000156	1.56237523803247e-12	3	0	0	2	4759
PR01597	ZONOCCLUDNS	1.00000000000156	1.56237523803247e-12	3	0	0	2	4759
PR00757	AMINEOXDASEF	1.00000000000156	1.56237523803247e-12	3	0	0	2	4759
PR00116	ARGINASE	1.00000000000156	1.56237523803247e-12	3	0	0	2	4759
PR01465	ELKCHANNEL	1.00000000000156	1.56237523803247e-12	3	0	0	2	4759
PR01904	GPR40FAMILY	1.00000000000156	1.56237523803247e-12	3	0	0	2	4759
PR00428	PROSTAGLNDNR	1.00000000000156	1.56237523803247e-12	3	0	0	2	4759
PR00680	PTREFOIL	1.00000000000156	1.56237523803247e-12	3	0	0	2	4759
PR00029	OCTAMER	1.00000000000156	1.56237523803247e-12	3	0	0	2	4759
PR00124	ATPASEC	1.00000000000156	1.56237523803247e-12	3	0	0	2	4759
PR01160	GABAARBETA	1.00000000000156	1.56237523803247e-12	3	0	0	2	4759
PR01423	TGFBETA	1.00000000000156	1.56237523803247e-12	3	0	0	2	4759
PR01179	ODADCRBXLASE	1.00000000000156	1.56237523803247e-12	3	0	0	2	4759
PR01629	TVDCCALPHA1	1.00000000000156	1.56237523803247e-12	3	0	0	2	4759
PR00413	HADHALOGNASE	1.00000000000156	1.56237523803247e-12	3	0	0	2	4759
PR00191	FACTINCAPA	1.00000000000156	1.56237523803247e-12	3	0	0	2	4759
PR02031	CYSSERRICHNP	1.00000000000156	1.56237523803247e-12	3	0	0	2	4759
PR01368	SYNAPSIN	1.00000000000156	1.56237523803247e-12	3	0	0	2	4759
PR00278	PANCHORMONE	1.00000000000156	1.56237523803247e-12	3	0	0	2	4759
PR00044	LEUZIPPRMYC	1.00000000000156	1.56237523803247e-12	3	0	0	2	4759
PR00663	GALANINR	1.00000000000156	1.56237523803247e-12	3	0	0	2	4759
PR01639	PROFILINMAML	1.00000000000156	1.56237523803247e-12	3	0	0	2	4759
PR00386	P53SUPPRESSR	1.00000000000156	1.56237523803247e-12	3	0	0	2	4759
PR00967	ONCOGENEAML1	1.00000000000156	1.56237523803247e-12	3	0	0	2	4759
PR00766	CUDAOXIDASE	1.00000000000156	1.56237523803247e-12	3	0	0	2	4759
PR00799	TRANSAMINASE	1.00000000000156	1.56237523803247e-12	3	0	0	2	4759
PR00244	NEUROKININR	1.00000000000156	1.56237523803247e-12	3	0	0	2	4759
PR01175	VNEBNERGLAND	1.00000000000156	1.56237523803247e-12	3	0	0	2	4759
PR01694	BAIPRECURSOR	1.00000000000156	1.56237523803247e-12	3	0	0	2	4759
PR00365	ENDOTHELIN	1.00000000000156	1.56237523803247e-12	3	0	0	2	4759
PR01848	U2AUXFACTOR	1.00000000000156	1.56237523803247e-12	3	0	0	2	4759
PR01620	GABAARGAMMA	1.00000000000156	1.56237523803247e-12	3	0	0	2	4759
PR00492	RHOGDI	1.00000000000156	1.56237523803247e-12	3	0	0	2	4759
PR01574	TUBBYPROTEIN	1.00000000000156	1.56237523803247e-12	3	0	0	2	4759
PR02044	FIBROSIN1LPF	1.00000000000156	1.56237523803247e-12	3	0	0	2	4759
PR00255	NATPEPTIDER	1.00000000000156	1.56237523803247e-12	3	0	0	2	4759
PR00838	V5ALLERGEN	1.00000000000156	1.56237523803247e-12	3	0	0	2	4759
PR01760	DISHEVELLED	1.00000000000156	1.56237523803247e-12	3	0	0	2	4759
PR02078	GATSLIKEFMLY	1.00000000000156	1.56237523803247e-12	3	0	0	2	4759
PR01785	PARAOXONASE	1.00000000000156	1.56237523803247e-12	3	0	0	2	4759
PR01807	ANGIOMOTIN	1.00000000000156	1.56237523803247e-12	3	0	0	2	4759
PR01951	LANCEUKARYTE	1.00000000000156	1.56237523803247e-12	3	0	0	2	4759
PR01357	INTRLEUKN1AB	1.00000000000156	1.56237523803247e-12	3	0	0	2	4759
PR01939	NTKRECEPTOR	1.00000000000156	1.56237523803247e-12	3	0	0	2	4759
PR02074	PROTEINFRG2	1.00000000000156	1.56237523803247e-12	3	0	0	2	4759
PR01259	NACAEXCHNGR	1.00000000000156	1.56237523803247e-12	3	0	0	2	4759
PR00203	AMYLOIDA4	1.00000000000156	1.56237523803247e-12	3	0	0	2	4759
PR01254	PGNDSYNTHASE	1.00000000000156	1.56237523803247e-12	3	0	0	2	4759
PR00632	SONICHHOG	1.00000000000156	1.56237523803247e-12	3	0	0	2	4759
PR00006	COFILIN	1.00000000000156	1.56237523803247e-12	3	0	0	2	4759
PR01288	PROXISOMEPAR	1.00000000000156	1.56237523803247e-12	3	0	0	2	4759
PR00056	HSFDOMAIN	1.00000000000156	1.56237523803247e-12	3	0	0	2	4759
PR01577	KCNABCHANNEL	1.00000000000156	1.56237523803247e-12	3	0	0	2	4759
PR01088	NAHEXCHNGR6	1.00000000000156	1.56237523803247e-12	3	0	0	2	4759
PR01028	OPIOIDPRCRSR	1.00000000000156	1.56237523803247e-12	3	0	0	2	4759
PR00476	PHFRCTKINASE	1.00000000000156	1.56237523803247e-12	3	0	0	2	4759
PR00068	CUZNDISMTASE	1.00000000000156	1.56237523803247e-12	3	0	0	2	4759
PR00857	MELATONINR	1.00000000000156	1.56237523803247e-12	3	0	0	2	4759
PR01910	ADSPHPHTASEB	1.00000000000156	1.56237523803247e-12	3	0	0	2	4759
PR00072	MALOXRDTASE	1.00000000000156	1.56237523803247e-12	3	0	0	2	4759
PR00837	V5TPXLIKE	1.000000000002	1.99700094310963e-12	15	0	0	2	4759
PR01333	2POREKCHANEL	1.000000000002	1.99700094310963e-12	15	0	0	2	4759
PR01367	BGCRYSTALLIN	1.000000000002	1.99700094310963e-12	15	0	0	2	4759
PR00315	ELONGATNFCT	1.000000000002	1.99700094310963e-12	15	0	0	2	4759
PR00390	PHPHLIPASEC	1.000000000002	1.99700094310963e-12	15	0	0	2	4759
PR00053	FORKHEAD	1.00000000000211	2.10983301955538e-12	48	0	0	2	4759
PR00081	GDHRDH	1.00000000000212	2.12291498941607e-12	53	0	0	2	4759
PR01415	ANKYRIN	1.00000000000221	2.21180712633995e-12	112	0	0	2	4759
PR01887	SPECTRNALPHA	1.00000000000227	2.27479339711732e-12	8	0	0	2	4759
PR01862	BCL2FAMILY	1.00000000000227	2.27479339711732e-12	8	0	0	2	4759
PR00003	4DISULPHCORE	1.00000000000227	2.27479339711732e-12	8	0	0	2	4759
PR00219	SYNAPTOBREVN	1.00000000000227	2.27479339711732e-12	8	0	0	2	4759
PR00264	INTERLEUKIN1	1.00000000000227	2.27479339711732e-12	8	0	0	2	4759
PR01657	MCMFAMILY	1.00000000000227	2.27479339711732e-12	8	0	0	2	4759
PR00624	HISTONEH5	1.00000000000227	2.27479339711732e-12	8	0	0	2	4759
PR01012	NRPEPTIDEYR	1.00000000000227	2.27479339711732e-12	8	0	0	2	4759
PR00784	MTUNCOUPLING	1.00000000000227	2.27479339711732e-12	8	0	0	2	4759
PR00597	GELSOLIN	1.00000000000227	2.27479339711732e-12	8	0	0	2	4759
PR00504	CHROMODOMAIN	1.00000000000227	2.27479339711732e-12	8	0	0	2	4759
PR01788	PROSTANOIDR	1.00000000000227	2.27479339711732e-12	8	0	0	2	4759
PR00299	ACRYSTALLIN	1.00000000000227	2.27479339711732e-12	8	0	0	2	4759
PR01496	SHAKERCHANEL	1.00000000000227	2.27479339711732e-12	8	0	0	2	4759
PR00895	PENTAXIN	1.00000000000227	2.27479339711732e-12	8	0	0	2	4759
PR01011	GLUTPROXDASE	1.00000000000227	2.27479339711732e-12	8	0	0	2	4759
PR00441	GPROTEINAI	1.00000000000227	2.27479339711732e-12	8	0	0	2	4759
PR00619	GATAZNFINGER	1.00000000000227	2.27479339711732e-12	8	0	0	2	4759
PR00593	MTABOTROPICR	1.00000000000227	2.27479339711732e-12	8	0	0	2	4759
PR00135	LYZLACT	1.00000000000227	2.27479339711732e-12	8	0	0	2	4759
PR01186	INTEGRINB	1.00000000000227	2.27479339711732e-12	8	0	0	2	4759
PR01347	EPHRIN	1.00000000000227	2.27479339711732e-12	8	0	0	2	4759
PR00179	LIPOCALIN	1.00000000000227	2.27479339711732e-12	8	0	0	2	4759
PR01162	ALPHATUBULIN	1.00000000000227	2.27479339711732e-12	8	0	0	2	4759
PR00042	LEUZIPPRFOS	1.00000000000227	2.27479339711732e-12	8	0	0	2	4759
PR00369	FLAVODOXIN	1.00000000000227	2.27479339711732e-12	8	0	0	2	4759
PR01792	VDCCGAMMA	1.00000000000227	2.27479339711732e-12	8	0	0	2	4759
PR00320	GPROTEINBRPT	1.00000000000242	2.42024521084072e-12	84	0	0	2	4759
PR01849	UBIQUITINACT	1.00000000000282	2.82284263967151e-12	4	0	0	2	4759
PR01768	TRPVRECEPTOR	1.00000000000282	2.82284263967151e-12	4	0	0	2	4759
PR00220	SYNAPTOPHYSN	1.00000000000282	2.82284263967151e-12	4	0	0	2	4759
PR01673	GLYRALPHA	1.00000000000282	2.82284263967151e-12	4	0	0	2	4759
PR01823	JANUSKINASE	1.00000000000282	2.82284263967151e-12	4	0	0	2	4759
PR00545	RETINOIDXR	1.00000000000282	2.82284263967151e-12	4	0	0	2	4759
PR00742	GLHYDRLASE35	1.00000000000282	2.82284263967151e-12	4	0	0	2	4759
PR01573	SUPERTUBBY	1.00000000000282	2.82284263967151e-12	4	0	0	2	4759
PR01406	BBOXZNFINGER	1.00000000000282	2.82284263967151e-12	4	0	0	2	4759
PR01292	RETNOICACIDR	1.00000000000282	2.82284263967151e-12	4	0	0	2	4759
PR00336	LYSASSOCTDMP	1.00000000000282	2.82284263967151e-12	4	0	0	2	4759
PR01684	EP450ICYP2A	1.00000000000282	2.82284263967151e-12	4	0	0	2	4759
PR00113	ALKPHPHTASE	1.00000000000282	2.82284263967151e-12	4	0	0	2	4759
PR00309	ARRESTIN	1.00000000000282	2.82284263967151e-12	4	0	0	2	4759
PR00775	HEATSHOCK90	1.00000000000282	2.82284263967151e-12	4	0	0	2	4759
PR00424	ADENOSINER	1.00000000000282	2.82284263967151e-12	4	0	0	2	4759
PR00707	UBCTHYDRLASE	1.00000000000282	2.82284263967151e-12	4	0	0	2	4759
PR00110	ALPHAAMYLASE	1.00000000000282	2.82284263967151e-12	4	0	0	2	4759
PR00889	CALPONIN	1.00000000000282	2.82284263967151e-12	4	0	0	2	4759
PR00959	MEVGALKINASE	1.00000000000282	2.82284263967151e-12	4	0	0	2	4759
PR00442	GPROTEINAQ	1.00000000000282	2.82284263967151e-12	4	0	0	2	4759
PR00194	TROPOMYOSIN	1.00000000000282	2.82284263967151e-12	4	0	0	2	4759
PR01316	GDNFRECEPTOR	1.00000000000282	2.82284263967151e-12	4	0	0	2	4759
PR01271	HISDACETLASE	1.00000000000282	2.82284263967151e-12	4	0	0	2	4759
PR00546	THYROIDHORMR	1.00000000000282	2.82284263967151e-12	4	0	0	2	4759
PR00823	PANCLIPASE	1.00000000000282	2.82284263967151e-12	4	0	0	2	4759
PR00041	LEUZIPPRCREB	1.00000000000282	2.82284263967151e-12	4	0	0	2	4759
PR00891	RABGDIREP	1.00000000000282	2.82284263967151e-12	4	0	0	2	4759
PR00372	FYWHYDRXLASE	1.00000000000282	2.82284263967151e-12	4	0	0	2	4759
PR00466	GP91PHOX	1.00000000000282	2.82284263967151e-12	4	0	0	2	4759
PR01452	LNOTCHREPEAT	1.00000000000282	2.82284263967151e-12	4	0	0	2	4759
PR01630	LVDCCALPHA1	1.00000000000282	2.82284263967151e-12	4	0	0	2	4759
PR00612	ALPHAHAEM	1.00000000000282	2.82284263967151e-12	4	0	0	2	4759
PR01773	P38MAPKINASE	1.00000000000282	2.82284263967151e-12	4	0	0	2	4759
PR00927	ADPTRNSLCASE	1.00000000000282	2.82284263967151e-12	4	0	0	2	4759
PR00381	KINESINLIGHT	1.00000000000282	2.82284263967151e-12	4	0	0	2	4759
PR00626	CALRETICULIN	1.00000000000282	2.82284263967151e-12	4	0	0	2	4759
PR00991	6PFRUCTKNASE	1.00000000000282	2.82284263967151e-12	4	0	0	2	4759
PR00834	PROTEASES2C	1.00000000000282	2.82284263967151e-12	4	0	0	2	4759
PR01819	DESMOGLEIN	1.00000000000282	2.82284263967151e-12	4	0	0	2	4759
PR00988	URIDINKINASE	1.00000000000282	2.82284263967151e-12	4	0	0	2	4759
PR00805	ALPHACATENIN	1.00000000000282	2.82284263967151e-12	4	0	0	2	4759
PR00962	LETHAL2GIANT	1.00000000000282	2.82284263967151e-12	4	0	0	2	4759
PR00238	OPSIN	1.00000000000282	2.82284263967151e-12	4	0	0	2	4759
PR00384	OPIOIDR	1.00000000000282	2.82284263967151e-12	4	0	0	2	4759
PR01534	VOMERONASL1R	1.00000000000282	2.82284263967151e-12	4	0	0	2	4759
PR00130	DNASEI	1.00000000000282	2.82284263967151e-12	4	0	0	2	4759
PR01689	EP450IICYP3A	1.00000000000282	2.82284263967151e-12	4	0	0	2	4759
PR00085	THFDHDRGNASE	1.00000000000282	2.82284263967151e-12	4	0	0	2	4759
PR01498	SHAWCHANNEL	1.00000000000282	2.82284263967151e-12	4	0	0	2	4759
PR01042	TRNASYNTHASP	1.00000000000282	2.82284263967151e-12	4	0	0	2	4759
PR01428	PROTEASEAR	1.00000000000282	2.82284263967151e-12	4	0	0	2	4759
PR00802	SERUMALBUMIN	1.00000000000282	2.82284263967151e-12	4	0	0	2	4759
PR00065	TEADOMAIN	1.00000000000282	2.82284263967151e-12	4	0	0	2	4759
PR00970	RIBTRNSFRASE	1.00000000000282	2.82284263967151e-12	4	0	0	2	4759
PR01081	KCLTRNSPORT	1.00000000000282	2.82284263967151e-12	4	0	0	2	4759
PR01473	ICAM	1.00000000000282	2.82284263967151e-12	4	0	0	2	4759
PR00928	GRAVESDC	1.00000000000282	2.82284263967151e-12	4	0	0	2	4759
PR01626	LCACHANNELB	1.00000000000282	2.82284263967151e-12	4	0	0	2	4759
PR00869	DNAPOLX	1.00000000000282	2.82284263967151e-12	4	0	0	2	4759
PR01130	DERENTRNSPRT	1.00000000000282	2.82284263967151e-12	4	0	0	2	4759
PR00629	SHCPIDOMAIN	1.00000000000282	2.82284263967151e-12	4	0	0	2	4759
PR00268	NGF	1.00000000000282	2.82284263967151e-12	4	0	0	2	4759
PR01956	TNFACTORR10	1.00000000000282	2.82284263967151e-12	4	0	0	2	4759
PR00600	PP2APR55	1.00000000000282	2.82284263967151e-12	4	0	0	2	4759
PR00345	STATHMIN	1.00000000000282	2.82284263967151e-12	4	0	0	2	4759
PR00306	SERUMAMYLOID	1.00000000000282	2.82284263967151e-12	4	0	0	2	4759
PR00193	MYOSINHEAVY	1.00000000000361	3.60524277261392e-12	37	0	0	2	4759
PR00001	GLABLOOD	1.00000000000399	3.99414058024108e-12	12	0	0	2	4759
PR00376	IL1BCENZYME	1.00000000000399	3.99414058024108e-12	12	0	0	2	4759
PR00025	ANTENNAPEDIA	1.00000000000399	3.99414058024108e-12	12	0	0	2	4759
PR00860	MTVERTEBRATE	1.00000000000399	3.99414058024108e-12	12	0	0	2	4759
PR01463	EAGCHANLFMLY	1.00000000000399	3.99414058024108e-12	12	0	0	2	4759
PR00457	ANPEROXIDASE	1.00000000000447	4.47033967070927e-12	10	0	0	2	4759
PR00669	INHIBINA	1.00000000000447	4.47033967070927e-12	10	0	0	2	4759
PR00180	CRETINALDHBP	1.00000000000447	4.47033967070927e-12	10	0	0	2	4759
PR00069	ALDKETRDTASE	1.00000000000447	4.47033967070927e-12	10	0	0	2	4759
PR01231	HCO3TRNSPORT	1.00000000000447	4.47033967070927e-12	10	0	0	2	4759
PR01764	MAPKPHPHTASE	1.00000000000447	4.47033967070927e-12	10	0	0	2	4759
PR00170	NACHANNEL	1.00000000000447	4.47033967070927e-12	10	0	0	2	4759
PR00723	SUBTILISIN	1.00000000000447	4.47033967070927e-12	10	0	0	2	4759
PR00020	MAMDOMAIN	1.00000000000447	4.47033967070927e-12	10	0	0	2	4759
PR00792	PEPSIN	1.00000000000447	4.47033967070927e-12	10	0	0	2	4759
PR00111	ABHYDROLASE	1.00000000000447	4.47033967070927e-12	10	0	0	2	4759
PR00794	RIBONUCLEASE	1.00000000000447	4.47033967070927e-12	10	0	0	2	4759
PR00821	TAGLIPASE	1.00000000000447	4.47033967070927e-12	10	0	0	2	4759
PR00304	TCOMPLEXTCP1	1.00000000000447	4.47033967070927e-12	10	0	0	2	4759
PR00245	OLFACTORYR	1.00000000000452	4.52384830984531e-12	370	0	0	2	4759
PR00169	KCHANNEL	1.00000000000461	4.61071639039096e-12	33	0	0	2	4759
PR00503	BROMODOMAIN	1.00000000000461	4.61071639039096e-12	33	0	0	2	4759
PR00028	POUDOMAIN	1.00000000000483	4.83035676514005e-12	17	0	0	2	4759
PR00765	CRBOXYPTASEA	1.00000000000483	4.83035676514005e-12	17	0	0	2	4759
PR00937	TBOX	1.00000000000483	4.83035676514005e-12	17	0	0	2	4759
PR00266	INTERFERONAB	1.00000000000483	4.83035676514005e-12	17	0	0	2	4759
PR00633	RCCNDNSATION	1.00000000000483	4.83035676514005e-12	17	0	0	2	4759
PR00258	SPERACTRCPTR	1.00000000000483	4.83035676514005e-12	17	0	0	2	4759
PR00259	TMFOUR	1.00000000000486	4.855269757477e-12	30	0	0	2	4759
PR00031	HTHREPRESSR	1.00000000000486	4.855269757477e-12	30	0	0	2	4759
PR01818	DESMOCADHERN	1.00000000000584	5.84111213690431e-12	7	0	0	2	4759
PR00412	EPOXHYDRLASE	1.00000000000584	5.84111213690431e-12	7	0	0	2	4759
PR00094	ADENYLTKNASE	1.00000000000584	5.84111213690431e-12	7	0	0	2	4759
PR02050	B14GALTRFASE	1.00000000000584	5.84111213690431e-12	7	0	0	2	4759
PR00683	SPECTRINPH	1.00000000000584	5.84111213690431e-12	7	0	0	2	4759
PR00961	HUDSXLRNA	1.00000000000584	5.84111213690431e-12	7	0	0	2	4759
PR01494	KV9CHANNEL	1.00000000000584	5.84111213690431e-12	7	0	0	2	4759
PR00305	1433ZETA	1.00000000000584	5.84111213690431e-12	7	0	0	2	4759
PR00137	LYSOZYME	1.00000000000584	5.84111213690431e-12	7	0	0	2	4759
PR00786	NEPRILYSIN	1.00000000000584	5.84111213690431e-12	7	0	0	2	4759
PR00717	GPCRKINASE	1.00000000000584	5.84111213690431e-12	7	0	0	2	4759
PR00141	PROTEASOME	1.00000000000584	5.84111213690431e-12	7	0	0	2	4759
PR01307	P2XRECEPTOR	1.00000000000584	5.84111213690431e-12	7	0	0	2	4759
PR00747	GLYHDRLASE47	1.00000000000584	5.84111213690431e-12	7	0	0	2	4759
PR00785	NCTRNSLOCATR	1.00000000000584	5.84111213690431e-12	7	0	0	2	4759
PR00195	DYNAMIN	1.00000000000584	5.84111213690431e-12	7	0	0	2	4759
PR00173	EDTRNSPORT	1.00000000000584	5.84111213690431e-12	7	0	0	2	4759
PR00319	GPROTEINB	1.00000000000584	5.84111213690431e-12	7	0	0	2	4759
PR01301	RGSPROTEIN	1.00000000000594	5.93579599331867e-12	22	0	0	2	4759
PR00153	CSAPPISMRASE	1.00000000000594	5.93579599331867e-12	22	0	0	2	4759
PR00414	PPTHIESTRASE	1.00000000000604	6.03930640256436e-12	2	0	0	2	4759
PR01546	YEAST73DUF	1.00000000000604	6.03930640256436e-12	2	0	0	2	4759
PR01040	TRNASYNTHTYR	1.00000000000604	6.03930640256436e-12	2	0	0	2	4759
PR00427	INTRLEUKIN8R	1.00000000000604	6.03930640256436e-12	2	0	0	2	4759
PR01432	RABAPTIN	1.00000000000604	6.03930640256436e-12	2	0	0	2	4759
PR01119	CLCHANNELKDY	1.00000000000604	6.03930640256436e-12	2	0	0	2	4759
PR00817	CALCITONINB	1.00000000000604	6.03930640256436e-12	2	0	0	2	4759
PR02034	LIVERXRECPTR	1.00000000000604	6.03930640256436e-12	2	0	0	2	4759
PR02041	PROTEINF153	1.00000000000604	6.03930640256436e-12	2	0	0	2	4759
PR01653	TCTPROTEIN	1.00000000000604	6.03930640256436e-12	2	0	0	2	4759
PR00883	NUCLEARHMG	1.00000000000604	6.03930640256436e-12	2	0	0	2	4759
PR00677	PHOSDUCIN	1.00000000000604	6.03930640256436e-12	2	0	0	2	4759
PR00741	GLHYDRLASE29	1.00000000000604	6.03930640256436e-12	2	0	0	2	4759
PR00115	F16BPHPHTASE	1.00000000000604	6.03930640256436e-12	2	0	0	2	4759
PR00296	CYCLINKINASE	1.00000000000604	6.03930640256436e-12	2	0	0	2	4759
PR02051	PROTEINF175	1.00000000000604	6.03930640256436e-12	2	0	0	2	4759
PR02002	INSLNLIKEGF	1.00000000000604	6.03930640256436e-12	2	0	0	2	4759
PR00355	ADRENODOXIN	1.00000000000604	6.03930640256436e-12	2	0	0	2	4759
PR01149	MELATONIN1AR	1.00000000000604	6.03930640256436e-12	2	0	0	2	4759
PR00366	ENDOTHELINR	1.00000000000604	6.03930640256436e-12	2	0	0	2	4759
PR00362	CANNABINOIDR	1.00000000000604	6.03930640256436e-12	2	0	0	2	4759
PR00774	GUANYLIN	1.00000000000604	6.03930640256436e-12	2	0	0	2	4759
PR00679	PROHIBITIN	1.00000000000604	6.03930640256436e-12	2	0	0	2	4759
PR01479	NEUROTENSINR	1.00000000000604	6.03930640256436e-12	2	0	0	2	4759
PR01495	SHABCHANNEL	1.00000000000604	6.03930640256436e-12	2	0	0	2	4759
PR00277	INSULIN	1.00000000000604	6.03930640256436e-12	2	0	0	2	4759
PR01683	EP450ICYP1A	1.00000000000604	6.03930640256436e-12	2	0	0	2	4759
PR00447	NATRESASSCMP	1.00000000000604	6.03930640256436e-12	2	0	0	2	4759
PR00491	VASOACTVEIPR	1.00000000000604	6.03930640256436e-12	2	0	0	2	4759
PR00477	PHGLYCKINASE	1.00000000000604	6.03930640256436e-12	2	0	0	2	4759
PR00980	TRNASYNTHALA	1.00000000000604	6.03930640256436e-12	2	0	0	2	4759
PR01104	ANPHYLATOXNR	1.00000000000604	6.03930640256436e-12	2	0	0	2	4759
PR01450	BKCHANNELB	1.00000000000604	6.03930640256436e-12	2	0	0	2	4759
PR01842	WNT2PROTEIN	1.00000000000604	6.03930640256436e-12	2	0	0	2	4759
PR00418	TPI2FAMILY	1.00000000000604	6.03930640256436e-12	2	0	0	2	4759
PR01086	NAHEXCHNGR2	1.00000000000604	6.03930640256436e-12	2	0	0	2	4759
PR00425	BRADYKININR	1.00000000000604	6.03930640256436e-12	2	0	0	2	4759
PR00878	CHOLNESTRASE	1.00000000000604	6.03930640256436e-12	2	0	0	2	4759
PR01350	CTRFAMILY	1.00000000000604	6.03930640256436e-12	2	0	0	2	4759
PR00659	CHROMOGRANIN	1.00000000000604	6.03930640256436e-12	2	0	0	2	4759
PR00815	PIHAEM	1.00000000000604	6.03930640256436e-12	2	0	0	2	4759
PR01072	PRESENILIN	1.00000000000604	6.03930640256436e-12	2	0	0	2	4759
PR01533	CYSLTRECPTR	1.00000000000604	6.03930640256436e-12	2	0	0	2	4759
PR00828	FORMIN	1.00000000000604	6.03930640256436e-12	2	0	0	2	4759
PR00160	GLUTAREDOXIN	1.00000000000604	6.03930640256436e-12	2	0	0	2	4759
PR01815	BACEFAMILY	1.00000000000604	6.03930640256436e-12	2	0	0	2	4759
PR01449	BKCHANNELA	1.00000000000604	6.03930640256436e-12	2	0	0	2	4759
PR00075	FACDDSATRASE	1.00000000000604	6.03930640256436e-12	2	0	0	2	4759
PR00098	CPSASE	1.00000000000604	6.03930640256436e-12	2	0	0	2	4759
PR01839	RAD23PROTEIN	1.00000000000604	6.03930640256436e-12	2	0	0	2	4759
PR01492	KV6CHANNEL	1.00000000000604	6.03930640256436e-12	2	0	0	2	4759
PR00128	COLIPASE	1.00000000000604	6.03930640256436e-12	2	0	0	2	4759
PR01588	THIKCHANNEL	1.00000000000604	6.03930640256436e-12	2	0	0	2	4759
PR01050	PYRUVTKNASE	1.00000000000604	6.03930640256436e-12	2	0	0	2	4759
PR00112	ACYLPHPHTASE	1.00000000000604	6.03930640256436e-12	2	0	0	2	4759
PR01612	CRFFAMILY	1.00000000000604	6.03930640256436e-12	2	0	0	2	4759
PR01869	BCATNINFAMLY	1.00000000000604	6.03930640256436e-12	2	0	0	2	4759
PR00005	APPLEDOMAIN	1.00000000000604	6.03930640256436e-12	2	0	0	2	4759
PR00832	PAXILLIN	1.00000000000604	6.03930640256436e-12	2	0	0	2	4759
PR00963	MARCKS	1.00000000000604	6.03930640256436e-12	2	0	0	2	4759
PR01625	GSTRNSFRASEO	1.00000000000604	6.03930640256436e-12	2	0	0	2	4759
PR01989	EUOM20RECPTR	1.00000000000604	6.03930640256436e-12	2	0	0	2	4759
PR00104	CGMPKINASE	1.00000000000604	6.03930640256436e-12	2	0	0	2	4759
PR00822	LIPOLIPASE	1.00000000000604	6.03930640256436e-12	2	0	0	2	4759
PR01696	LCACHANNELB3	1.00000000000604	6.03930640256436e-12	2	0	0	2	4759
PR02084	GOLM1CASC4	1.00000000000604	6.03930640256436e-12	2	0	0	2	4759
PR02025	AQUAPORIN12	1.00000000000604	6.03930640256436e-12	2	0	0	2	4759
PR00672	INHIBINBC	1.00000000000604	6.03930640256436e-12	2	0	0	2	4759
PR01499	TREKCHANNEL	1.00000000000604	6.03930640256436e-12	2	0	0	2	4759
PR00408	MITP450	1.00000000000604	6.03930640256436e-12	2	0	0	2	4759
PR00351	OM20RECEPTOR	1.00000000000604	6.03930640256436e-12	2	0	0	2	4759
PR01735	P2Y13PRNCPTR	1.00000000000604	6.03930640256436e-12	2	0	0	2	4759
PR00088	HAEMOXYGNASE	1.00000000000604	6.03930640256436e-12	2	0	0	2	4759
PR01739	RELAXINR	1.00000000000604	6.03930640256436e-12	2	0	0	2	4759
PR01873	CYTCOXIDASE4	1.00000000000604	6.03930640256436e-12	2	0	0	2	4759
PR02073	FOLLICULNIP1	1.00000000000604	6.03930640256436e-12	2	0	0	2	4759
PR00269	PTNMIDKINE	1.00000000000604	6.03930640256436e-12	2	0	0	2	4759
PR00791	PEPDIPTASEA	1.00000000000604	6.03930640256436e-12	2	0	0	2	4759
PR01215	A1MCGLOBULIN	1.00000000000604	6.03930640256436e-12	2	0	0	2	4759
PR01049	PHOSPHBKNASE	1.00000000000604	6.03930640256436e-12	2	0	0	2	4759
PR00378	LIIMPHPHTASE	1.00000000000604	6.03930640256436e-12	2	0	0	2	4759
PR00893	RABESCORT	1.00000000000604	6.03930640256436e-12	2	0	0	2	4759
PR00440	GPROTEINA12	1.00000000000604	6.03930640256436e-12	2	0	0	2	4759
PR00868	DNAPOLI	1.00000000000604	6.03930640256436e-12	2	0	0	2	4759
PR02055	PROTEINF105	1.00000000000604	6.03930640256436e-12	2	0	0	2	4759
PR00481	LAMNOPPTDASE	1.00000000000604	6.03930640256436e-12	2	0	0	2	4759
PR00433	IL6GCSFMGF	1.00000000000604	6.03930640256436e-12	2	0	0	2	4759
PR00871	DNAPOLXTDT	1.00000000000604	6.03930640256436e-12	2	0	0	2	4759
PR00800	YHDCRBOXLASE	1.00000000000604	6.03930640256436e-12	2	0	0	2	4759
PR01427	TGFBETA4	1.00000000000604	6.03930640256436e-12	2	0	0	2	4759
PR01891	WNT7PROTEIN	1.00000000000604	6.03930640256436e-12	2	0	0	2	4759
PR01087	NAHEXCHNGR3	1.00000000000604	6.03930640256436e-12	2	0	0	2	4759
PR00770	EMAJORBASICP	1.00000000000604	6.03930640256436e-12	2	0	0	2	4759
PR01855	NRPEPTIDEWR	1.00000000000604	6.03930640256436e-12	2	0	0	2	4759
PR00066	XRODRMPGMNTG	1.00000000000604	6.03930640256436e-12	2	0	0	2	4759
PR01041	TRNASYNTHMET	1.00000000000604	6.03930640256436e-12	2	0	0	2	4759
PR01892	WNT8PROTEIN	1.00000000000604	6.03930640256436e-12	2	0	0	2	4759
PR00332	HISTRIAD	1.00000000000604	6.03930640256436e-12	2	0	0	2	4759
PR01783	MCHRECEPTOR	1.00000000000604	6.03930640256436e-12	2	0	0	2	4759
PR01757	AMELOGENIN	1.00000000000604	6.03930640256436e-12	2	0	0	2	4759
PR01244	PEROPSIN	1.00000000000604	6.03930640256436e-12	2	0	0	2	4759
PR01353	GLUCAGNFAMLY	1.00000000000604	6.03930640256436e-12	2	0	0	2	4759
PR01476	LTBRECEPTOR	1.00000000000604	6.03930640256436e-12	2	0	0	2	4759
PR00049	WILMSTUMOUR	1.00000000000604	6.03930640256436e-12	2	0	0	2	4759
PR00218	PERIPHERNRDS	1.00000000000604	6.03930640256436e-12	2	0	0	2	4759
PR00487	FILAGGRIN	1.00000000000604	6.03930640256436e-12	2	0	0	2	4759
PR01538	INTRLEUKN1R1	1.00000000000604	6.03930640256436e-12	2	0	0	2	4759
PR00082	GLFDHDRGNASE	1.00000000000604	6.03930640256436e-12	2	0	0	2	4759
PR02094	HEXIMFAMILY	1.00000000000604	6.03930640256436e-12	2	0	0	2	4759
PR00862	PROLIGOPTASE	1.00000000000604	6.03930640256436e-12	2	0	0	2	4759
PR01421	GPR37ORPHANR	1.00000000000604	6.03930640256436e-12	2	0	0	2	4759
PR00981	TRNASYNTHSER	1.00000000000604	6.03930640256436e-12	2	0	0	2	4759
PR01039	TRNASYNTHTRP	1.00000000000604	6.03930640256436e-12	2	0	0	2	4759
PR00728	SIGNALPTASE	1.00000000000604	6.03930640256436e-12	2	0	0	2	4759
PR01255	OTXHOMEOBOX	1.00000000000604	6.03930640256436e-12	2	0	0	2	4759
PR01765	ECACCHANNEL	1.00000000000604	6.03930640256436e-12	2	0	0	2	4759
PR01838	NCAMFAMILY	1.00000000000604	6.03930640256436e-12	2	0	0	2	4759
PR00685	TIFACTORIIB	1.00000000000604	6.03930640256436e-12	2	0	0	2	4759
PR00773	GRPEPROTEIN	1.00000000000604	6.03930640256436e-12	2	0	0	2	4759
PR01670	GABAARRHO	1.00000000000604	6.03930640256436e-12	2	0	0	2	4759
PR00070	DHFR	1.00000000000604	6.03930640256436e-12	2	0	0	2	4759
PR01207	NAKCLTRNSPRT	1.00000000000604	6.03930640256436e-12	2	0	0	2	4759
PR00002	GLABONE	1.00000000000604	6.03930640256436e-12	2	0	0	2	4759
PR01822	CCYSTOKININR	1.00000000000604	6.03930640256436e-12	2	0	0	2	4759
PR01539	INTRLEUKN1R2	1.00000000000604	6.03930640256436e-12	2	0	0	2	4759
PR00986	TRNASYNTHVAL	1.00000000000604	6.03930640256436e-12	2	0	0	2	4759
PR00738	GLHYDRLASE20	1.00000000000604	6.03930640256436e-12	2	0	0	2	4759
PR01192	GLUCTRSPORT3	1.00000000000604	6.03930640256436e-12	2	0	0	2	4759
PR00077	GPDHDRGNASE	1.00000000000604	6.03930640256436e-12	2	0	0	2	4759
PR01610	CD36ANTIGEN	1.00000000000604	6.03930640256436e-12	2	0	0	2	4759
PR00312	CALSEQUESTRN	1.00000000000604	6.03930640256436e-12	2	0	0	2	4759
PR01565	NEUROMEDINUR	1.00000000000604	6.03930640256436e-12	2	0	0	2	4759
PR01064	OREXINR	1.00000000000604	6.03930640256436e-12	2	0	0	2	4759
PR01771	ERK3ERK4MAPK	1.00000000000604	6.03930640256436e-12	2	0	0	2	4759
PR00740	GLHYDRLASE27	1.00000000000604	6.03930640256436e-12	2	0	0	2	4759
PR00676	MASPIN	1.00000000000604	6.03930640256436e-12	2	0	0	2	4759
PR02059	JAGGEDFAMILY	1.00000000000604	6.03930640256436e-12	2	0	0	2	4759
PR00473	GALCTOKINASE	1.00000000000604	6.03930640256436e-12	2	0	0	2	4759
PR00708	A1AGLPROTEIN	1.00000000000604	6.03930640256436e-12	2	0	0	2	4759
PR00100	AOTCASE	1.00000000000604	6.03930640256436e-12	2	0	0	2	4759
PR00749	LYSOZYMEG	1.00000000000604	6.03930640256436e-12	2	0	0	2	4759
PR00122	VACATPASE	1.00000000000604	6.03930640256436e-12	2	0	0	2	4759
PR01708	5HT3RECEPTOR	1.00000000000604	6.03930640256436e-12	2	0	0	2	4759
PR01802	SYNEMBRYN	1.00000000000604	6.03930640256436e-12	2	0	0	2	4759
PR00803	AFETOPROTEIN	1.00000000000604	6.03930640256436e-12	2	0	0	2	4759
PR01570	NPFFRECEPTOR	1.00000000000604	6.03930640256436e-12	2	0	0	2	4759
PR00297	CHAPERONIN10	1.00000000000604	6.03930640256436e-12	2	0	0	2	4759
PR00290	KAZALINHBTR	1.00000000000604	6.03930640256436e-12	2	0	0	2	4759
PR01503	TREACLE	1.00000000000604	6.03930640256436e-12	2	0	0	2	4759
PR01698	CYTOFMRPINTP	1.00000000000604	6.03930640256436e-12	2	0	0	2	4759
PR01325	KIR22CHANNEL	1.00000000000604	6.03930640256436e-12	2	0	0	2	4759
PR00295	STEFINA	1.00000000000604	6.03930640256436e-12	2	0	0	2	4759
PR00983	TRNASYNTHCYS	1.00000000000604	6.03930640256436e-12	2	0	0	2	4759
PR00789	OSIALOPTASE	1.00000000000604	6.03930640256436e-12	2	0	0	2	4759
PR01843	WNT3PROTEIN	1.00000000000604	6.03930640256436e-12	2	0	0	2	4759
PR01861	ADAMTS8	1.00000000000604	6.03930640256436e-12	2	0	0	2	4759
PR00417	PRTPISMRASEI	1.00000000000604	6.03930640256436e-12	2	0	0	2	4759
PR00146	DHPICSNTHASE	1.00000000000604	6.03930640256436e-12	2	0	0	2	4759
PR01278	CD97PROTEIN	1.00000000000604	6.03930640256436e-12	2	0	0	2	4759
PR00426	C5ANPHYLTXNR	1.00000000000604	6.03930640256436e-12	2	0	0	2	4759
PR00395	RIBOSOMALS2	1.00000000000604	6.03930640256436e-12	2	0	0	2	4759
PR00500	POLYCYSTIN1	1.00000000000604	6.03930640256436e-12	2	0	0	2	4759
PR01038	TRNASYNTHARG	1.00000000000604	6.03930640256436e-12	2	0	0	2	4759
PR00416	EUTPISMRASEI	1.00000000000604	6.03930640256436e-12	2	0	0	2	4759
PR01471	HISTAMINEH3R	1.00000000000604	6.03930640256436e-12	2	0	0	2	4759
PR01888	NROPEPTIDEBW	1.00000000000604	6.03930640256436e-12	2	0	0	2	4759
PR00078	G3PDHDRGNASE	1.00000000000604	6.03930640256436e-12	2	0	0	2	4759
PR01164	GAMMATUBULIN	1.00000000000604	6.03930640256436e-12	2	0	0	2	4759
PR01464	EAGCHANNEL	1.00000000000604	6.03930640256436e-12	2	0	0	2	4759
PR01770	ERK1ERK2MAPK	1.00000000000604	6.03930640256436e-12	2	0	0	2	4759
PR01686	EP450ICYP2D	1.00000000000604	6.03930640256436e-12	2	0	0	2	4759
PR01787	PARAOXONASE2	1.00000000000604	6.03930640256436e-12	2	0	0	2	4759
PR00767	DBMONOXGNASE	1.00000000000604	6.03930640256436e-12	2	0	0	2	4759
PR00645	CXCCHMKINER4	1.00000000000604	6.03930640256436e-12	2	0	0	2	4759
PR00448	NSFATTACHMNT	1.00000000000604	6.03930640256436e-12	2	0	0	2	4759
PR01543	ANATRNSFRASE	1.00000000000604	6.03930640256436e-12	2	0	0	2	4759
PR01731	LYMPHOTACTIN	1.00000000000604	6.03930640256436e-12	2	0	0	2	4759
PR00105	C5METTRFRASE	1.00000000000604	6.03930640256436e-12	2	0	0	2	4759
PR00275	GLUCAGON	1.00000000000604	6.03930640256436e-12	2	0	0	2	4759
PR01893	WNT10PROTEIN	1.00000000000604	6.03930640256436e-12	2	0	0	2	4759
PR00776	HEMOGLOBNASE	1.00000000000604	6.03930640256436e-12	2	0	0	2	4759
PR00623	HISTONEH4	1.00000000000604	6.03930640256436e-12	2	0	0	2	4759
PR00026	ENGRAILED	1.00000000000604	6.03930640256436e-12	2	0	0	2	4759
PR00510	NEBULIN	1.00000000000604	6.03930640256436e-12	2	0	0	2	4759
PR00392	PROFILIN	1.00000000000604	6.03930640256436e-12	2	0	0	2	4759
PR01128	EMR1HORMONER	1.00000000000604	6.03930640256436e-12	2	0	0	2	4759
PR00930	HIGHMOBLTYIY	1.00000000000604	6.03930640256436e-12	2	0	0	2	4759
PR00079	G6PDHDRGNASE	1.00000000000604	6.03930640256436e-12	2	0	0	2	4759
PR00443	GPROTEINAS	1.00000000000604	6.03930640256436e-12	2	0	0	2	4759
PR01808	ANNEXINVIII	1.00000000000604	6.03930640256436e-12	2	0	0	2	4759
PR01961	TNFACTORR11	1.00000000000604	6.03930640256436e-12	2	0	0	2	4759
PR01092	SULFNYLUREAR	1.00000000000604	6.03930640256436e-12	2	0	0	2	4759
PR01991	GPR153GPR162	1.00000000000604	6.03930640256436e-12	2	0	0	2	4759
PR00710	NATPEPTIDES	1.00000000000604	6.03930640256436e-12	2	0	0	2	4759
PR01692	LIPOCALINIMR	1.00000000000604	6.03930640256436e-12	2	0	0	2	4759
PR00892	RABGDI	1.00000000000604	6.03930640256436e-12	2	0	0	2	4759
PR00377	IMPHPHTASES	1.00000000000604	6.03930640256436e-12	2	0	0	2	4759
PR00870	DNAPOLXBETA	1.00000000000604	6.03930640256436e-12	2	0	0	2	4759
PR00984	TRNASYNTHILE	1.00000000000604	6.03930640256436e-12	2	0	0	2	4759
PR00727	LEADERPTASE	1.00000000000604	6.03930640256436e-12	2	0	0	2	4759
PR00831	NEUROPHYSIN	1.00000000000604	6.03930640256436e-12	2	0	0	2	4759
PR01417	GHSRECEPTOR	1.00000000000604	6.03930640256436e-12	2	0	0	2	4759
PR00008	DAGPEDOMAIN	1.00000000000622	6.2221814309813e-12	21	0	0	2	4759
PR01161	TUBULIN	1.00000000000622	6.2221814309813e-12	21	0	0	2	4759
PR01248	TYPE1KERATIN	1.00000000000684	6.83973645272283e-12	32	0	0	2	4759
PR00109	TYRKINASE	1.00000000000722	7.21870810739891e-12	98	0	0	2	4759
PR00700	PRTYPHPHTASE	1.00000000000801	8.01103647529939e-12	36	0	0	2	4759
PR00452	SH3DOMAIN	1.00000000000822	8.22329487490392e-12	83	0	0	2	4759
PR00206	CONNEXIN	1.0000000000089	8.90409575972774e-12	20	0	0	2	4759
PR00380	KINESINHEAVY	1.00000000000977	9.77321752714845e-12	44	0	0	2	4759
PR00252	NRIONCHANNEL	1.00000000000977	9.77321752714845e-12	44	0	0	2	4759
PR00385	P450	1.00000000000987	9.87322319712623e-12	52	0	0	2	4759
PR00935	BAND41	1.00000000001003	1.00277286169505e-11	25	0	0	2	4759
PR00007	COMPLEMNTC1Q	1.00000000001144	1.14413857213317e-11	29	0	0	2	4759
PR01270	HDASUPER	1.00000000001228	1.22758503225638e-11	11	0	0	2	4759
PR00888	SM22CALPONIN	1.00000000001228	1.22758503225638e-11	11	0	0	2	4759
PR00705	PAPAIN	1.00000000001228	1.22758503225638e-11	11	0	0	2	4759
PR00756	ALADIPTASE	1.00000000001228	1.22758503225638e-11	11	0	0	2	4759
PR01265	LINKMODULE	1.00000000001228	1.22758503225638e-11	11	0	0	2	4759
PR00023	ZPELLUCIDA	1.00000000001228	1.22758503225638e-11	11	0	0	2	4759
PR00326	GTP1OBG	1.00000000001228	1.22758503225638e-11	11	0	0	2	4759
PR00348	UBIQUITIN	1.00000000001228	1.22758503225638e-11	11	0	0	2	4759
PR00489	FRIZZLED	1.00000000001228	1.22758503225638e-11	11	0	0	2	4759
