TermID	Term	Enrichment	logP	Genes in Term	Target Genes in Term	Fraction of Targets in Term	Total Target Genes	Total Genes	Entrez Gene IDs	Gene Symbols
SM00702	P4Hc	0.00350166608621457	-5.65451639911782	16	1	0.5	2	9131	5352	PLOD2
SM00317	SET	0.0102686669858352	-4.5786580603662	47	1	0.5	2	9131	2122	MECOM
SM00355	ZnF_C2H2	0.167559856210798	-1.78641464103928	800	1	0.5	2	9131	2122	MECOM
SM00490	HELICc	0.999999999956459	-4.35412864075412e-11	106	0	0	2	9131
SM00339	FH	0.999999999960609	-3.93911951769913e-11	48	0	0	2	9131
SM00430	HOLI	0.999999999960609	-3.93911951769913e-11	48	0	0	2	9131
SM00192	LDLa	0.999999999960609	-3.93911951769913e-11	48	0	0	2	9131
SM00013	LRRNT	0.999999999967388	-3.261239386453e-11	100	0	0	2	9131
SM00369	LRR_TYP	0.999999999971505	-2.84951248794713e-11	134	0	0	2	9131
SM00423	PSI	0.999999999973468	-2.65317779343257e-11	45	0	0	2	9131
SM00408	IGc2	0.999999999973963	-2.60374172309646e-11	216	0	0	2	9131
SM00349	KRAB	0.999999999974352	-2.56475468033562e-11	365	0	0	2	9131
SM00458	RICIN	0.999999999974474	-2.55261535277434e-11	27	0	0	2	9131
SM00110	C1Q	0.999999999974474	-2.55261535277434e-11	27	0	0	2	9131
SM00173	RAS	0.999999999974474	-2.55261535277434e-11	27	0	0	2	9131
SM00119	HECTc	0.999999999974474	-2.55261535277434e-11	27	0	0	2	9131
SM00384	AT_hook	0.999999999974474	-2.55261535277434e-11	27	0	0	2	9131
SM00429	IPT	0.999999999974474	-2.55261535277434e-11	27	0	0	2	9131
SM00220	S_TKc	0.999999999974808	-2.51923338960569e-11	268	0	0	2	9131
SM00209	TSP1	0.999999999975689	-2.43110182863732e-11	65	0	0	2	9131
SM00109	C1	0.999999999975689	-2.43110182863732e-11	65	0	0	2	9131
SM00324	RhoGAP	0.999999999978258	-2.17422493176784e-11	64	0	0	2	9131
SM00175	RAB	0.999999999978258	-2.17422493176784e-11	64	0	0	2	9131
SM00105	ArfGap	0.999999999979432	-2.05681485416983e-11	28	0	0	2	9131
SM00240	FHA	0.999999999979432	-2.05681485416983e-11	28	0	0	2	9131
SM00667	LisH	0.999999999979432	-2.05681485416983e-11	28	0	0	2	9131
SM00147	RasGEF	0.999999999979432	-2.05681485416983e-11	28	0	0	2	9131
SM00145	PI3Ka	0.999999999979951	-2.00490350488356e-11	9	0	0	2	9131
SM00288	VHS	0.999999999979951	-2.00490350488356e-11	9	0	0	2	9131
SM00351	PAX	0.999999999979951	-2.00490350488356e-11	9	0	0	2	9131
SM00329	BPI2	0.999999999979951	-2.00490350488356e-11	9	0	0	2	9131
SM00328	BPI1	0.999999999979951	-2.00490350488356e-11	9	0	0	2	9131
SM00201	SO	0.999999999979951	-2.00490350488356e-11	9	0	0	2	9131
SM00949	PAZ	0.999999999979951	-2.00490350488356e-11	9	0	0	2	9131
SM01025	BEN	0.999999999979951	-2.00490350488356e-11	9	0	0	2	9131
SM00809	Alpha_adaptinC2	0.999999999979951	-2.00490350488356e-11	9	0	0	2	9131
SM00386	HAT	0.999999999979951	-2.00490350488356e-11	9	0	0	2	9131
SM00668	CTLH	0.999999999979951	-2.00490350488356e-11	9	0	0	2	9131
SM01026	Beach	0.999999999979951	-2.00490350488356e-11	9	0	0	2	9131
SM01039	BRICHOS	0.999999999979951	-2.00490350488356e-11	9	0	0	2	9131
SM00543	MIF4G	0.999999999979951	-2.00490350488356e-11	9	0	0	2	9131
SM00561	MBT	0.999999999979951	-2.00490350488356e-11	9	0	0	2	9131
SM00921	MHC_II_beta	0.999999999979951	-2.00490350488356e-11	9	0	0	2	9131
SM00348	IRF	0.999999999979951	-2.00490350488356e-11	9	0	0	2	9131
SM00107	BTK	0.999999999979951	-2.00490350488356e-11	9	0	0	2	9131
SM00089	PKD	0.999999999979951	-2.00490350488356e-11	9	0	0	2	9131
SM00273	ENTH	0.999999999979951	-2.00490350488356e-11	9	0	0	2	9131
SM00727	STI1	0.999999999979951	-2.00490350488356e-11	9	0	0	2	9131
SM00141	PDGF	0.999999999979951	-2.00490350488356e-11	9	0	0	2	9131
SM00407	IGc1	0.99999999998018	-1.98200700541825e-11	40	0	0	2	9131
SM00042	CUB	0.999999999980535	-1.94646169164201e-11	49	0	0	2	9131
SM00589	PRY	0.999999999980535	-1.94646169164201e-11	49	0	0	2	9131
SM00717	SANT	0.999999999980535	-1.94646169164201e-11	49	0	0	2	9131
SM00271	DnaJ	0.999999999980535	-1.94646169164201e-11	49	0	0	2	9131
SM00164	TBC	0.999999999980535	-1.94646169164201e-11	49	0	0	2	9131
SM00631	Zn_pept	0.999999999980572	-1.94281559880647e-11	17	0	0	2	9131
SM00255	TIR	0.999999999980572	-1.94281559880647e-11	17	0	0	2	9131
SM00425	TBOX	0.999999999980572	-1.94281559880647e-11	17	0	0	2	9131
SM00076	IFabd	0.999999999980572	-1.94281559880647e-11	17	0	0	2	9131
SM00211	TY	0.999999999980572	-1.94281559880647e-11	17	0	0	2	9131
SM00131	KU	0.999999999980572	-1.94281559880647e-11	17	0	0	2	9131
SM01057	Carb_anhydrase	0.999999999980572	-1.94281559880647e-11	17	0	0	2	9131
SM00508	PostSET	0.999999999980572	-1.94281559880647e-11	17	0	0	2	9131
SM00593	RUN	0.999999999980572	-1.94281559880647e-11	17	0	0	2	9131
SM00224	GGL	0.999999999980572	-1.94281559880647e-11	17	0	0	2	9131
SM00563	PlsC	0.999999999980572	-1.94281559880647e-11	17	0	0	2	9131
SM00216	VWD	0.999999999980572	-1.94281559880647e-11	17	0	0	2	9131
SM00043	CY	0.999999999980572	-1.94281559880647e-11	17	0	0	2	9131
SM00651	Sm	0.999999999980572	-1.94281559880647e-11	17	0	0	2	9131
SM00180	EGF_Lam	0.999999999980946	-1.90537688505112e-11	34	0	0	2	9131
SM00100	cNMP	0.999999999980946	-1.90537688505112e-11	34	0	0	2	9131
SM00315	RGS	0.999999999980946	-1.90537688505112e-11	34	0	0	2	9131
SM00082	LRRCT	0.999999999981705	-1.82952683086763e-11	90	0	0	2	9131
SM00225	BTB	0.999999999981991	-1.80094386127184e-11	178	0	0	2	9131
SM00389	HOX	0.999999999982622	-1.73779856607256e-11	231	0	0	2	9131
SM00487	DEXDc	0.999999999982929	-1.70711524614692e-11	109	0	0	2	9131
SM00249	PHD	0.999999999983068	-1.69315199745812e-11	91	0	0	2	9131
SM00326	SH3	0.999999999983113	-1.6886933583253e-11	217	0	0	2	9131
SM00020	Tryp_SPc	0.999999999983153	-1.68468044148187e-11	113	0	0	2	9131
SM00214	VWC	0.999999999983578	-1.64220774904523e-11	39	0	0	2	9131
SM00322	KH	0.999999999983578	-1.64220774904523e-11	39	0	0	2	9131
SM00969	SOCS_box	0.999999999983578	-1.64220774904523e-11	39	0	0	2	9131
SM00136	LamNT	0.999999999983651	-1.63493928055078e-11	16	0	0	2	9131
SM00275	G_alpha	0.999999999983651	-1.63493928055078e-11	16	0	0	2	9131
SM00427	H2B	0.999999999983651	-1.63493928055078e-11	16	0	0	2	9131
SM00222	Sec7	0.999999999983651	-1.63493928055078e-11	16	0	0	2	9131
SM00801	dDENN	0.999999999983651	-1.63493928055078e-11	16	0	0	2	9131
SM00799	DENN	0.999999999983651	-1.63493928055078e-11	16	0	0	2	9131
SM00130	KR	0.999999999983651	-1.63493928055078e-11	16	0	0	2	9131
SM00088	PINT	0.999999999983651	-1.63493928055078e-11	16	0	0	2	9131
SM00293	PWWP	0.999999999983651	-1.63493928055078e-11	16	0	0	2	9131
SM00352	POU	0.999999999983651	-1.63493928055078e-11	16	0	0	2	9131
SM00114	CARD	0.999999999983651	-1.63493928055078e-11	16	0	0	2	9131
SM00568	GRAM	0.999999999983651	-1.63493928055078e-11	16	0	0	2	9131
SM00724	TLC	0.999999999983651	-1.63493928055078e-11	16	0	0	2	9131
SM00913	IBN_N	0.999999999983651	-1.63493928055078e-11	16	0	0	2	9131
SM00146	PI3Kc	0.999999999983651	-1.63493928055078e-11	16	0	0	2	9131
SM00078	IlGF	0.999999999983697	-1.63025584797937e-11	11	0	0	2	9131
SM00244	PHB	0.999999999983697	-1.63025584797937e-11	11	0	0	2	9131
SM00274	FOLN	0.999999999983697	-1.63025584797937e-11	11	0	0	2	9131
SM00310	PTBI	0.999999999983697	-1.63025584797937e-11	11	0	0	2	9131
SM00251	SAM_PNT	0.999999999983697	-1.63025584797937e-11	11	0	0	2	9131
SM00439	BAH	0.999999999983697	-1.63025584797937e-11	11	0	0	2	9131
SM00038	COLFI	0.999999999983697	-1.63025584797937e-11	11	0	0	2	9131
SM00460	TGc	0.999999999983697	-1.63025584797937e-11	11	0	0	2	9131
SM00744	RINGv	0.999999999983697	-1.63025584797937e-11	11	0	0	2	9131
SM00446	LRRcap	0.999999999983697	-1.63025584797937e-11	11	0	0	2	9131
SM00591	RWD	0.999999999983697	-1.63025584797937e-11	11	0	0	2	9131
SM00428	H3	0.999999999983954	-1.60461867386567e-11	6	0	0	2	9131
SM00710	PbH1	0.999999999983954	-1.60461867386567e-11	6	0	0	2	9131
SM00548	IRO	0.999999999983954	-1.60461867386567e-11	6	0	0	2	9131
SM00302	GED	0.999999999983954	-1.60461867386567e-11	6	0	0	2	9131
SM00111	C4	0.999999999983954	-1.60461867386567e-11	6	0	0	2	9131
SM00564	PQQ	0.999999999983954	-1.60461867386567e-11	6	0	0	2	9131
SM00441	FF	0.999999999983954	-1.60461867386567e-11	6	0	0	2	9131
SM00159	PTX	0.999999999983954	-1.60461867386567e-11	6	0	0	2	9131
SM00920	MHC_II_alpha	0.999999999983954	-1.60461867386567e-11	6	0	0	2	9131
SM00394	RIIa	0.999999999983954	-1.60461867386567e-11	6	0	0	2	9131
SM00907	GDNF	0.999999999983954	-1.60461867386567e-11	6	0	0	2	9131
SM00477	NUC	0.999999999983954	-1.60461867386567e-11	6	0	0	2	9131
SM00506	A1pp	0.999999999983954	-1.60461867386567e-11	6	0	0	2	9131
SM00775	LNS2	0.999999999983954	-1.60461867386567e-11	6	0	0	2	9131
SM00741	SapB	0.999999999983954	-1.60461867386567e-11	6	0	0	2	9131
SM00952	RAP	0.999999999983954	-1.60461867386567e-11	6	0	0	2	9131
SM00440	ZnF_C2C2	0.999999999983954	-1.60461867386567e-11	6	0	0	2	9131
SM00432	MADS	0.999999999983954	-1.60461867386567e-11	6	0	0	2	9131
SM00695	DUSP	0.999999999983954	-1.60461867386567e-11	6	0	0	2	9131
SM00367	LRR_CC	0.999999999983954	-1.60461867386567e-11	6	0	0	2	9131
SM00863	tRNA_SAD	0.999999999983954	-1.60461867386567e-11	6	0	0	2	9131
SM00811	Alpha_kinase	0.999999999983954	-1.60461867386567e-11	6	0	0	2	9131
SM00099	btg1	0.999999999983954	-1.60461867386567e-11	6	0	0	2	9131
SM00257	LysM	0.999999999983954	-1.60461867386567e-11	6	0	0	2	9131
SM00070	GLUCA	0.999999999983954	-1.60461867386567e-11	6	0	0	2	9131
SM00838	EFG_C	0.999999999983954	-1.60461867386567e-11	6	0	0	2	9131
SM00665	B561	0.999999999983954	-1.60461867386567e-11	6	0	0	2	9131
SM00022	PLAc	0.999999999983954	-1.60461867386567e-11	6	0	0	2	9131
SM00892	Endonuclease_NS	0.999999999983954	-1.60461867386567e-11	6	0	0	2	9131
SM00167	VPS9	0.999999999983954	-1.60461867386567e-11	6	0	0	2	9131
SM00968	SMC_hinge	0.999999999983954	-1.60461867386567e-11	6	0	0	2	9131
SM00670	PINc	0.999999999983954	-1.60461867386567e-11	6	0	0	2	9131
SM00155	PLDc	0.999999999983954	-1.60461867386567e-11	6	0	0	2	9131
SM00415	HSF	0.999999999983954	-1.60461867386567e-11	6	0	0	2	9131
SM00648	SWAP	0.999999999983954	-1.60461867386567e-11	6	0	0	2	9131
SM00544	MA3	0.999999999983954	-1.60461867386567e-11	6	0	0	2	9131
SM00757	CRA	0.999999999983954	-1.60461867386567e-11	6	0	0	2	9131
SM00368	LRR_RI	0.999999999983954	-1.60461867386567e-11	6	0	0	2	9131
SM00218	ZU5	0.999999999983954	-1.60461867386567e-11	6	0	0	2	9131
SM00139	MyTH4	0.999999999983954	-1.60461867386567e-11	6	0	0	2	9131
SM00454	SAM	0.999999999984144	-1.585618825638e-11	88	0	0	2	9131
SM00219	TyrKc	0.999999999984144	-1.585618825638e-11	88	0	0	2	9131
SM00242	MYSc	0.999999999984159	-1.5841025644952e-11	38	0	0	2	9131
SM00382	AAA	0.999999999984407	-1.55930611847079e-11	144	0	0	2	9131
SM00179	EGF_CA	0.999999999984622	-1.53776474111919e-11	98	0	0	2	9131
SM00582	RPR	0.999999999985294	-1.47065090373498e-11	8	0	0	2	9131
SM00237	Calx_beta	0.999999999985294	-1.47065090373498e-11	8	0	0	2	9131
SM00861	Transket_pyr	0.999999999985294	-1.47065090373498e-11	8	0	0	2	9131
SM00142	PI3K_C2	0.999999999985294	-1.47065090373498e-11	8	0	0	2	9131
SM00018	PD	0.999999999985294	-1.47065090373498e-11	8	0	0	2	9131
SM00609	VIT	0.999999999985294	-1.47065090373498e-11	8	0	0	2	9131
SM00357	CSP	0.999999999985294	-1.47065090373498e-11	8	0	0	2	9131
SM00524	DWB	0.999999999985294	-1.47065090373498e-11	8	0	0	2	9131
SM00393	R3H	0.999999999985294	-1.47065090373498e-11	8	0	0	2	9131
SM00671	SEL1	0.999999999985294	-1.47065090373498e-11	8	0	0	2	9131
SM00511	ORANGE	0.999999999985294	-1.47065090373498e-11	8	0	0	2	9131
SM00948	Proteasome_A_N	0.999999999985294	-1.47065090373498e-11	8	0	0	2	9131
SM00092	RNAse_Pc	0.999999999985294	-1.47065090373498e-11	8	0	0	2	9131
SM00391	MBD	0.999999999985294	-1.47065090373498e-11	8	0	0	2	9131
SM00065	GAF	0.999999999985294	-1.47065090373498e-11	8	0	0	2	9131
SM00153	VHP	0.999999999985294	-1.47065090373498e-11	8	0	0	2	9131
SM00950	Piwi	0.999999999985294	-1.47065090373498e-11	8	0	0	2	9131
SM00577	CPDc	0.999999999985294	-1.47065090373498e-11	8	0	0	2	9131
SM00545	JmjN	0.999999999985294	-1.47065090373498e-11	8	0	0	2	9131
SM00263	LYZ1	0.999999999985294	-1.47065090373498e-11	8	0	0	2	9131
SM00238	BIR	0.999999999985294	-1.47065090373498e-11	8	0	0	2	9131
SM00503	SynN	0.999999999985294	-1.47065090373498e-11	8	0	0	2	9131
SM00350	MCM	0.999999999985294	-1.47065090373498e-11	8	0	0	2	9131
SM00461	WH1	0.999999999985294	-1.47065090373498e-11	8	0	0	2	9131
SM00746	TRASH	0.999999999985294	-1.47065090373498e-11	8	0	0	2	9131
SM00068	GHB	0.999999999985294	-1.47065090373498e-11	8	0	0	2	9131
SM00262	GEL	0.999999999985294	-1.47065090373498e-11	8	0	0	2	9131
SM00215	VWC_out	0.999999999985294	-1.47065090373498e-11	8	0	0	2	9131
SM00187	INB	0.999999999985294	-1.47065090373498e-11	8	0	0	2	9131
SM00258	SAND	0.999999999985294	-1.47065090373498e-11	8	0	0	2	9131
SM00239	C2	0.999999999985795	-1.42045184208656e-11	135	0	0	2	9131
SM00338	BRLZ	0.999999999986491	-1.35090439201224e-11	52	0	0	2	9131
SM00256	FBOX	0.999999999986491	-1.35090439201224e-11	52	0	0	2	9131
SM00054	EFh	0.999999999986616	-1.33838645732538e-11	143	0	0	2	9131
SM00036	CNH	0.999999999987408	-1.25924131936207e-11	10	0	0	2	9131
SM00755	Grip	0.999999999987408	-1.25924131936207e-11	10	0	0	2	9131
SM00102	ADF	0.999999999987408	-1.25924131936207e-11	10	0	0	2	9131
SM00027	EH	0.999999999987408	-1.25924131936207e-11	10	0	0	2	9131
SM00128	IPPc	0.999999999987408	-1.25924131936207e-11	10	0	0	2	9131
SM00472	MIR	0.999999999987408	-1.25924131936207e-11	10	0	0	2	9131
SM00855	PGAM	0.999999999987408	-1.25924131936207e-11	10	0	0	2	9131
SM01052	CAP_GLY	0.999999999987408	-1.25924131936207e-11	10	0	0	2	9131
SM00562	NDK	0.999999999987408	-1.25924131936207e-11	10	0	0	2	9131
SM00085	PA2c	0.999999999987408	-1.25924131936207e-11	10	0	0	2	9131
SM01017	Arrestin_C	0.999999999987408	-1.25924131936207e-11	10	0	0	2	9131
SM00557	IG_FLMN	0.999999999987408	-1.25924131936207e-11	10	0	0	2	9131
SM00045	DAGKa	0.999999999987408	-1.25924131936207e-11	10	0	0	2	9131
SM00745	MIT	0.999999999987408	-1.25924131936207e-11	10	0	0	2	9131
SM00332	PP2Cc	0.999999999987564	-1.24359215874142e-11	20	0	0	2	9131
SM00865	Tubulin_C	0.999999999987564	-1.24359215874142e-11	20	0	0	2	9131
SM00037	CNX	0.999999999987564	-1.24359215874142e-11	20	0	0	2	9131
SM00055	FCH	0.999999999987564	-1.24359215874142e-11	20	0	0	2	9131
SM01089	Connexin_CCC	0.999999999987564	-1.24359215874142e-11	20	0	0	2	9131
SM00229	RasGEFN	0.999999999987564	-1.24359215874142e-11	20	0	0	2	9131
SM00726	UIM	0.999999999988662	-1.13382114603404e-11	21	0	0	2	9131
SM00049	DEP	0.999999999988662	-1.13382114603404e-11	21	0	0	2	9131
SM00231	FA58C	0.999999999988662	-1.13382114603404e-11	21	0	0	2	9131
SM00041	CT	0.999999999988662	-1.13382114603404e-11	21	0	0	2	9131
SM00864	Tubulin	0.999999999988662	-1.13382114603404e-11	21	0	0	2	9131
SM00050	DISIN	0.999999999988662	-1.13382114603404e-11	21	0	0	2	9131
SM00232	JAB_MPN	0.999999999988811	-1.11887777955539e-11	12	0	0	2	9131
SM00160	RanBD	0.999999999988811	-1.11887777955539e-11	12	0	0	2	9131
SM00692	DM3	0.999999999988811	-1.11887777955539e-11	12	0	0	2	9131
SM00720	calpain_III	0.999999999988811	-1.11887777955539e-11	12	0	0	2	9131
SM00980	THAP	0.999999999988811	-1.11887777955539e-11	12	0	0	2	9131
SM00674	CENPB	0.999999999988811	-1.11887777955539e-11	12	0	0	2	9131
SM00234	START	0.999999999988811	-1.11887777955539e-11	12	0	0	2	9131
SM00479	EXOIII	0.999999999988811	-1.11887777955539e-11	12	0	0	2	9131
SM00316	S1	0.999999999988811	-1.11887777955539e-11	12	0	0	2	9131
SM00457	MACPF	0.999999999988811	-1.11887777955539e-11	12	0	0	2	9131
SM00401	ZnF_GATA	0.999999999988811	-1.11887777955539e-11	12	0	0	2	9131
SM00166	UBX	0.999999999988811	-1.11887777955539e-11	12	0	0	2	9131
SM01100	CRAL_TRIO_N	0.999999999988811	-1.11887777955539e-11	12	0	0	2	9131
SM00523	DWA	0.999999999988811	-1.11887777955539e-11	12	0	0	2	9131
SM00061	MATH	0.999999999988811	-1.11887777955539e-11	12	0	0	2	9131
SM00360	RRM	0.999999999988923	-1.10766392802733e-11	215	0	0	2	9131
SM00960	Robl_LC7	0.999999999989494	-1.05055899129101e-11	3	0	0	2	9131
SM00478	ENDO3c	0.999999999989494	-1.05055899129101e-11	3	0	0	2	9131
SM00981	THUMP	0.999999999989494	-1.05055899129101e-11	3	0	0	2	9131
SM00057	FIMAC	0.999999999989494	-1.05055899129101e-11	3	0	0	2	9131
SM00183	NAT_PEP	0.999999999989494	-1.05055899129101e-11	3	0	0	2	9131
SM00299	CLH	0.999999999989494	-1.05055899129101e-11	3	0	0	2	9131
SM00997	AdoHcyase_NAD	0.999999999989494	-1.05055899129101e-11	3	0	0	2	9131
SM00676	DM10	0.999999999989494	-1.05055899129101e-11	3	0	0	2	9131
SM00773	WGR	0.999999999989494	-1.05055899129101e-11	3	0	0	2	9131
SM01022	ASCH	0.999999999989494	-1.05055899129101e-11	3	0	0	2	9131
SM00444	GYF	0.999999999989494	-1.05055899129101e-11	3	0	0	2	9131
SM00588	NEUZ	0.999999999989494	-1.05055899129101e-11	3	0	0	2	9131
SM00706	TECPR	0.999999999989494	-1.05055899129101e-11	3	0	0	2	9131
SM01083	Cir_N	0.999999999989494	-1.05055899129101e-11	3	0	0	2	9131
SM00996	AdoHcyase	0.999999999989494	-1.05055899129101e-11	3	0	0	2	9131
SM00305	HintC	0.999999999989494	-1.05055899129101e-11	3	0	0	2	9131
SM00553	SEP	0.999999999989494	-1.05055899129101e-11	3	0	0	2	9131
SM00300	ChSh	0.999999999989494	-1.05055899129101e-11	3	0	0	2	9131
SM00162	SAPA	0.999999999989494	-1.05055899129101e-11	3	0	0	2	9131
SM00712	PUR	0.999999999989494	-1.05055899129101e-11	3	0	0	2	9131
SM00309	PAH	0.999999999989494	-1.05055899129101e-11	3	0	0	2	9131
SM00736	CADG	0.999999999989494	-1.05055899129101e-11	3	0	0	2	9131
SM00663	RPOLA_N	0.999999999989494	-1.05055899129101e-11	3	0	0	2	9131
SM00143	PI3K_p85B	0.999999999989494	-1.05055899129101e-11	3	0	0	2	9131
SM00851	MGS	0.999999999989494	-1.05055899129101e-11	3	0	0	2	9131
SM00573	HSA	0.999999999989494	-1.05055899129101e-11	3	0	0	2	9131
SM00094	TR_FER	0.999999999989494	-1.05055899129101e-11	3	0	0	2	9131
SM00594	UAS	0.999999999989494	-1.05055899129101e-11	3	0	0	2	9131
SM00735	ZM	0.999999999989494	-1.05055899129101e-11	3	0	0	2	9131
SM00459	Sorb	0.999999999989494	-1.05055899129101e-11	3	0	0	2	9131
SM00751	BSD	0.999999999989494	-1.05055899129101e-11	3	0	0	2	9131
SM00039	CRF	0.999999999989494	-1.05055899129101e-11	3	0	0	2	9131
SM00652	eIF1a	0.999999999989494	-1.05055899129101e-11	3	0	0	2	9131
SM00723	AMOP	0.999999999989494	-1.05055899129101e-11	3	0	0	2	9131
SM00722	CASH	0.999999999989494	-1.05055899129101e-11	3	0	0	2	9131
SM00306	HintN	0.999999999989494	-1.05055899129101e-11	3	0	0	2	9131
SM00672	CAP10	0.999999999989494	-1.05055899129101e-11	3	0	0	2	9131
SM00916	L51_S25_CI-B8	0.999999999989494	-1.05055899129101e-11	3	0	0	2	9131
SM01020	B2-adapt-app_C	0.999999999989494	-1.05055899129101e-11	3	0	0	2	9131
SM00341	HRDC	0.999999999989494	-1.05055899129101e-11	3	0	0	2	9131
SM00002	PLP	0.999999999989494	-1.05055899129101e-11	3	0	0	2	9131
SM00311	PWI	0.999999999989494	-1.05055899129101e-11	3	0	0	2	9131
SM00836	DALR_1	0.999999999989494	-1.05055899129101e-11	3	0	0	2	9131
SM00535	RIBOc	0.999999999989494	-1.05055899129101e-11	3	0	0	2	9131
SM01051	CAMSAP_CKK	0.999999999989494	-1.05055899129101e-11	3	0	0	2	9131
SM00611	SEC63	0.999999999989494	-1.05055899129101e-11	3	0	0	2	9131
SM01073	CDC48_N	0.999999999989494	-1.05055899129101e-11	3	0	0	2	9131
SM00488	DEXDc2	0.999999999989494	-1.05055899129101e-11	3	0	0	2	9131
SM00931	NOSIC	0.999999999989494	-1.05055899129101e-11	3	0	0	2	9131
SM00272	END	0.999999999989494	-1.05055899129101e-11	3	0	0	2	9131
SM00597	ZnF_TTF	0.999999999989494	-1.05055899129101e-11	3	0	0	2	9131
SM00704	ZnF_CDGSH	0.999999999989494	-1.05055899129101e-11	3	0	0	2	9131
SM00396	ZnF_UBR1	0.999999999989494	-1.05055899129101e-11	3	0	0	2	9131
SM00113	CALCITONIN	0.999999999989494	-1.05055899129101e-11	3	0	0	2	9131
SM00321	WSC	0.999999999989494	-1.05055899129101e-11	3	0	0	2	9131
SM00576	BTP	0.999999999989494	-1.05055899129101e-11	3	0	0	2	9131
SM01065	CBM_2	0.999999999989494	-1.05055899129101e-11	3	0	0	2	9131
SM00265	BH4	0.999999999989494	-1.05055899129101e-11	3	0	0	2	9131
SM00919	Malic_M	0.999999999989494	-1.05055899129101e-11	3	0	0	2	9131
SM00482	POLAc	0.999999999989494	-1.05055899129101e-11	3	0	0	2	9131
SM00985	UBA_e1_C	0.999999999989494	-1.05055899129101e-11	3	0	0	2	9131
SM00006	A4_EXTRA	0.999999999989494	-1.05055899129101e-11	3	0	0	2	9131
SM00471	HDc	0.999999999989572	-1.04282976381948e-11	24	0	0	2	9131
SM00433	TOP2c	0.999999999989748	-1.02515363546215e-11	2	0	0	2	9131
SM01096	CPSase_L_D3	0.999999999989748	-1.02515363546215e-11	2	0	0	2	9131
SM00882	CoA_trans	0.999999999989748	-1.02515363546215e-11	2	0	0	2	9131
SM00494	ChtBD2	0.999999999989748	-1.02515363546215e-11	2	0	0	2	9131
SM00559	Ku78	0.999999999989748	-1.02515363546215e-11	2	0	0	2	9131
SM00661	RPOL9	0.999999999989748	-1.02515363546215e-11	2	0	0	2	9131
SM00392	PROF	0.999999999989748	-1.02515363546215e-11	2	0	0	2	9131
SM01002	AlaDh_PNT_C	0.999999999989748	-1.02515363546215e-11	2	0	0	2	9131
SM00657	RPOL4c	0.999999999989748	-1.02515363546215e-11	2	0	0	2	9131
SM00788	Adenylsucc_synt	0.999999999989748	-1.02515363546215e-11	2	0	0	2	9131
SM00581	PSP	0.999999999989748	-1.02515363546215e-11	2	0	0	2	9131
SM00035	CLa	0.999999999989748	-1.02515363546215e-11	2	0	0	2	9131
SM00434	TOP4c	0.999999999989748	-1.02515363546215e-11	2	0	0	2	9131
SM01097	CPSase_sm_chain	0.999999999989748	-1.02515363546215e-11	2	0	0	2	9131
SM00803	TAF	0.999999999989748	-1.02515363546215e-11	2	0	0	2	9131
SM00714	LITAF	0.999999999989748	-1.02515363546215e-11	2	0	0	2	9131
SM01011	AMP_N	0.999999999989748	-1.02515363546215e-11	2	0	0	2	9131
SM00493	TOPRIM	0.999999999989748	-1.02515363546215e-11	2	0	0	2	9131
SM00649	RL11	0.999999999989748	-1.02515363546215e-11	2	0	0	2	9131
SM00853	MutL_C	0.999999999989748	-1.02515363546215e-11	2	0	0	2	9131
SM01000	Aha1_N	0.999999999989748	-1.02515363546215e-11	2	0	0	2	9131
SM01003	AlaDh_PNT_N	0.999999999989748	-1.02515363546215e-11	2	0	0	2	9131
SM00896	FDX-ACB	0.999999999989748	-1.02515363546215e-11	2	0	0	2	9131
SM00684	DM15	0.999999999989748	-1.02515363546215e-11	2	0	0	2	9131
SM00653	eIF2B_5	0.999999999989748	-1.02515363546215e-11	2	0	0	2	9131
SM00638	LPD_N	0.999999999989748	-1.02515363546215e-11	2	0	0	2	9131
SM00732	YqgFc	0.999999999989748	-1.02515363546215e-11	2	0	0	2	9131
SM00525	FES	0.999999999989748	-1.02515363546215e-11	2	0	0	2	9131
SM01076	CG-1	0.999999999989748	-1.02515363546215e-11	2	0	0	2	9131
SM00902	Fe_hyd_SSU	0.999999999989748	-1.02515363546215e-11	2	0	0	2	9131
SM01084	CKS	0.999999999989748	-1.02515363546215e-11	2	0	0	2	9131
SM01070	CDC37_M	0.999999999989748	-1.02515363546215e-11	2	0	0	2	9131
SM00807	AKAP_110	0.999999999989748	-1.02515363546215e-11	2	0	0	2	9131
SM00003	NH	0.999999999989748	-1.02515363546215e-11	2	0	0	2	9131
SM00151	SWIB	0.999999999989748	-1.02515363546215e-11	2	0	0	2	9131
SM00586	ZnF_DBF	0.999999999989748	-1.02515363546215e-11	2	0	0	2	9131
SM00888	EF1_GNE	0.999999999989748	-1.02515363546215e-11	2	0	0	2	9131
SM00915	Jacalin	0.999999999989748	-1.02515363546215e-11	2	0	0	2	9131
SM00178	SAR	0.999999999989748	-1.02515363546215e-11	2	0	0	2	9131
SM00963	SRP54_N	0.999999999989748	-1.02515363546215e-11	2	0	0	2	9131
SM00466	SRA	0.999999999989748	-1.02515363546215e-11	2	0	0	2	9131
SM00731	SprT	0.999999999989748	-1.02515363546215e-11	2	0	0	2	9131
SM00956	RQC	0.999999999989748	-1.02515363546215e-11	2	0	0	2	9131
SM00758	PA14	0.999999999989748	-1.02515363546215e-11	2	0	0	2	9131
SM01028	Beta-TrCP_D	0.999999999989748	-1.02515363546215e-11	2	0	0	2	9131
SM00761	HDAC_interact	0.999999999989748	-1.02515363546215e-11	2	0	0	2	9131
SM00551	ZnF_TAZ	0.999999999989748	-1.02515363546215e-11	2	0	0	2	9131
SM00190	IL4_13	0.999999999989748	-1.02515363546215e-11	2	0	0	2	9131
SM00777	Mad3_BUB1_I	0.999999999989748	-1.02515363546215e-11	2	0	0	2	9131
SM00555	GIT	0.999999999989748	-1.02515363546215e-11	2	0	0	2	9131
SM00756	VKc	0.999999999989748	-1.02515363546215e-11	2	0	0	2	9131
SM00986	UDG	0.999999999989748	-1.02515363546215e-11	2	0	0	2	9131
SM00818	Amelogenin	0.999999999989748	-1.02515363546215e-11	2	0	0	2	9131
SM00792	Agouti	0.999999999989748	-1.02515363546215e-11	2	0	0	2	9131
SM00951	QLQ	0.999999999989748	-1.02515363546215e-11	2	0	0	2	9131
SM00560	LamGL	0.999999999989748	-1.02515363546215e-11	2	0	0	2	9131
SM00937	PCRF	0.999999999989748	-1.02515363546215e-11	2	0	0	2	9131
SM01074	Cdc6_C	0.999999999989748	-1.02515363546215e-11	2	0	0	2	9131
SM01010	AMPKBI	0.999999999989748	-1.02515363546215e-11	2	0	0	2	9131
SM01086	ClpB_D2-small	0.999999999989748	-1.02515363546215e-11	2	0	0	2	9131
SM00193	PTN	0.999999999989748	-1.02515363546215e-11	2	0	0	2	9131
SM00176	RAN	0.999999999989748	-1.02515363546215e-11	2	0	0	2	9131
SM00785	AARP2CN	0.999999999989748	-1.02515363546215e-11	2	0	0	2	9131
SM00839	ELFV_dehydrog	0.999999999989748	-1.02515363546215e-11	2	0	0	2	9131
SM00705	THEG	0.999999999989748	-1.02515363546215e-11	2	0	0	2	9131
SM00029	GASTRIN	0.999999999989748	-1.02515363546215e-11	2	0	0	2	9131
SM01023	BAF	0.999999999989748	-1.02515363546215e-11	2	0	0	2	9131
SM00829	PKS_ER	0.999999999989748	-1.02515363546215e-11	2	0	0	2	9131
SM00804	TAP_C	0.999999999989748	-1.02515363546215e-11	2	0	0	2	9131
SM00873	B3_4	0.999999999989748	-1.02515363546215e-11	2	0	0	2	9131
SM00846	Gp_dh_N	0.999999999989748	-1.02515363546215e-11	2	0	0	2	9131
SM00808	FABD	0.999999999989748	-1.02515363546215e-11	2	0	0	2	9131
SM00993	YL1_C	0.999999999989748	-1.02515363546215e-11	2	0	0	2	9131
SM00860	SMI1_KNR4	0.999999999989748	-1.02515363546215e-11	2	0	0	2	9131
SM00080	LIF_OSM	0.999999999989748	-1.02515363546215e-11	2	0	0	2	9131
SM00682	G2F	0.999999999989748	-1.02515363546215e-11	2	0	0	2	9131
SM01092	CO_deh_flav_C	0.999999999989748	-1.02515363546215e-11	2	0	0	2	9131
SM00126	IL6	0.999999999989748	-1.02515363546215e-11	2	0	0	2	9131
SM00090	RIO	0.999999999989748	-1.02515363546215e-11	2	0	0	2	9131
SM00512	Skp1	0.999999999989748	-1.02515363546215e-11	2	0	0	2	9131
SM00437	TOP1Ac	0.999999999989748	-1.02515363546215e-11	2	0	0	2	9131
SM00650	rADc	0.999999999989748	-1.02515363546215e-11	2	0	0	2	9131
SM00464	LON	0.999999999989748	-1.02515363546215e-11	2	0	0	2	9131
SM00852	MoCF_biosynth	0.999999999989748	-1.02515363546215e-11	2	0	0	2	9131
SM00435	TOPEUc	0.999999999989748	-1.02515363546215e-11	2	0	0	2	9131
SM00978	Tim44	0.999999999989748	-1.02515363546215e-11	2	0	0	2	9131
SM00500	SFM	0.999999999989748	-1.02515363546215e-11	2	0	0	2	9131
SM00635	BID_2	0.999999999989748	-1.02515363546215e-11	2	0	0	2	9131
SM00893	ETF	0.999999999989748	-1.02515363546215e-11	2	0	0	2	9131
SM00812	Alpha_L_fucos	0.999999999989748	-1.02515363546215e-11	2	0	0	2	9131
SM00417	H4	0.999999999989748	-1.02515363546215e-11	2	0	0	2	9131
SM00388	HisKA	0.999999999989748	-1.02515363546215e-11	2	0	0	2	9131
SM00962	SRP54	0.999999999989748	-1.02515363546215e-11	2	0	0	2	9131
SM00436	TOP1Bc	0.999999999989748	-1.02515363546215e-11	2	0	0	2	9131
SM00967	SpoU_sub_bind	0.999999999989748	-1.02515363546215e-11	2	0	0	2	9131
SM00087	PTH	0.999999999989748	-1.02515363546215e-11	2	0	0	2	9131
SM00536	AXH	0.999999999989748	-1.02515363546215e-11	2	0	0	2	9131
SM00030	CLb	0.999999999989748	-1.02515363546215e-11	2	0	0	2	9131
SM00662	RPOLD	0.999999999989748	-1.02515363546215e-11	2	0	0	2	9131
SM01104	CTD	0.999999999989748	-1.02515363546215e-11	2	0	0	2	9131
SM00223	APPLE	0.999999999989748	-1.02515363546215e-11	2	0	0	2	9131
SM01047	C1_4	0.999999999989748	-1.02515363546215e-11	2	0	0	2	9131
SM00685	DM14	0.999999999989748	-1.02515363546215e-11	2	0	0	2	9131
SM00992	YccV-like	0.999999999989748	-1.02515363546215e-11	2	0	0	2	9131
SM00438	ZnF_NFX	0.999999999989748	-1.02515363546215e-11	2	0	0	2	9131
SM00469	WIF	0.999999999989748	-1.02515363546215e-11	2	0	0	2	9131
SM01072	CDC48_2	0.999999999989748	-1.02515363546215e-11	2	0	0	2	9131
SM01008	Ald_Xan_dh_C	0.999999999989748	-1.02515363546215e-11	2	0	0	2	9131
SM00313	PXA	0.999999999989748	-1.02515363546215e-11	2	0	0	2	9131
SM00208	TNFR	0.999999999990354	-9.64551102529442e-12	26	0	0	2	9131
SM00086	PAC	0.999999999990354	-9.64551102529442e-12	26	0	0	2	9131
SM00005	DEATH	0.999999999990354	-9.64551102529442e-12	26	0	0	2	9131
SM00072	GuKc	0.999999999990354	-9.64551102529442e-12	26	0	0	2	9131
SM00558	JmjC	0.999999999990472	-9.52771659616279e-12	32	0	0	2	9131
SM00303	GPS	0.999999999990472	-9.52771659616279e-12	32	0	0	2	9131
SM00150	SPEC	0.999999999990472	-9.52771659616279e-12	32	0	0	2	9131
SM00091	PAS	0.999999999990472	-9.52771659616279e-12	32	0	0	2	9131
SM00028	TPR	0.999999999991281	-8.71915316639701e-12	93	0	0	2	9131
SM00202	SR	0.99999999999168	-8.3201805430662e-12	23	0	0	2	9131
SM00210	TSPN	0.99999999999168	-8.3201805430662e-12	23	0	0	2	9131
SM00547	ZnF_RBZ	0.99999999999168	-8.3201805430662e-12	23	0	0	2	9131
SM00120	HX	0.99999999999168	-8.3201805430662e-12	23	0	0	2	9131
SM00513	SAP	0.99999999999168	-8.3201805430662e-12	23	0	0	2	9131
SM00008	HormR	0.99999999999168	-8.3201805430662e-12	23	0	0	2	9131
SM00875	BACK	0.999999999992468	-7.53182156806821e-12	59	0	0	2	9131
SM00449	SPRY	0.999999999992468	-7.53182156806821e-12	59	0	0	2	9131
SM00908	Gal-bind_lectin	0.999999999992705	-7.29489183293251e-12	15	0	0	2	9131
SM00800	uDENN	0.999999999992705	-7.29489183293251e-12	15	0	0	2	9131
SM00230	CysPc	0.999999999992705	-7.29489183293251e-12	15	0	0	2	9131
SM00137	MAM	0.999999999992705	-7.29489183293251e-12	15	0	0	2	9131
SM00849	Lactamase_B	0.999999999992705	-7.29489183293251e-12	15	0	0	2	9131
SM00276	GLECT	0.999999999992705	-7.29489183293251e-12	15	0	0	2	9131
SM00698	MORN	0.999999999992705	-7.29489183293251e-12	15	0	0	2	9131
SM00331	PP2C_SIG	0.999999999992705	-7.29489183293251e-12	15	0	0	2	9131
SM00134	LU	0.999999999992705	-7.29489183293251e-12	15	0	0	2	9131
SM00116	CBS	0.999999999992705	-7.29489183293251e-12	15	0	0	2	9131
SM00308	LH2	0.999999999992705	-7.29489183293251e-12	15	0	0	2	9131
SM00135	LY	0.999999999992705	-7.29489183293251e-12	15	0	0	2	9131
SM00149	PLCYc	0.999999999992705	-7.29489183293251e-12	15	0	0	2	9131
SM00498	FH2	0.999999999992705	-7.29489183293251e-12	15	0	0	2	9131
SM00198	SCP	0.999999999992705	-7.29489183293251e-12	15	0	0	2	9131
SM00247	XTALbg	0.999999999992705	-7.29489183293251e-12	15	0	0	2	9131
SM00148	PLCXc	0.999999999992705	-7.29489183293251e-12	15	0	0	2	9131
SM00217	WAP	0.999999999992705	-7.29489183293251e-12	15	0	0	2	9131
SM00253	SOCS	0.999999999992705	-7.29489183293251e-12	15	0	0	2	9131
SM00501	BRIGHT	0.999999999992705	-7.29489183293251e-12	15	0	0	2	9131
SM00442	FGF	0.999999999993056	-6.94393246922958e-12	22	0	0	2	9131
SM00397	t_SNARE	0.999999999993056	-6.94393246922958e-12	22	0	0	2	9131
SM00177	ARF	0.999999999993056	-6.94393246922958e-12	22	0	0	2	9131
SM00292	BRCT	0.999999999993056	-6.94393246922958e-12	22	0	0	2	9131
SM00443	G_patch	0.999999999993056	-6.94393246922958e-12	22	0	0	2	9131
SM00406	IGv	0.999999999993056	-6.94393246922958e-12	22	0	0	2	9131
SM00450	RHOD	0.999999999993056	-6.94393246922958e-12	22	0	0	2	9131
SM00431	SCAN	0.999999999993191	-6.80908721604773e-12	53	0	0	2	9131
SM00032	CCP	0.999999999993322	-6.67816762176324e-12	55	0	0	2	9131
SM00133	S_TK_X	0.999999999993322	-6.67816762176324e-12	55	0	0	2	9131
SM00612	Kelch	0.999999999993322	-6.67816762176324e-12	55	0	0	2	9131
SM00343	ZnF_C2HC	0.999999999993376	-6.62421628848061e-12	41	0	0	2	9131
SM00320	WD40	0.999999999993459	-6.54120041552325e-12	267	0	0	2	9131
SM00112	CA	0.999999999993478	-6.52152331160998e-12	115	0	0	2	9131
SM00802	UME	0.999999999995011	-4.98941494131606e-12	1	0	0	2	9131
SM00743	Agenet	0.999999999995011	-4.98941494131606e-12	1	0	0	2	9131
SM01031	BHD_2	0.999999999995011	-4.98941494131606e-12	1	0	0	2	9131
SM00929	NADH-G_4Fe-4S_3	0.999999999995011	-4.98941494131606e-12	1	0	0	2	9131
SM00550	Zalpha	0.999999999995011	-4.98941494131606e-12	1	0	0	2	9131
SM00941	PYNP_C	0.999999999995011	-4.98941494131606e-12	1	0	0	2	9131
SM01082	CHZ	0.999999999995011	-4.98941494131606e-12	1	0	0	2	9131
SM00928	NADH_4Fe-4S	0.999999999995011	-4.98941494131606e-12	1	0	0	2	9131
SM00071	Galanin	0.999999999995011	-4.98941494131606e-12	1	0	0	2	9131
SM00904	Flavokinase	0.999999999995011	-4.98941494131606e-12	1	0	0	2	9131
SM00738	NGN	0.999999999995011	-4.98941494131606e-12	1	0	0	2	9131
SM01071	CDC37_N	0.999999999995011	-4.98941494131606e-12	1	0	0	2	9131
SM00990	VRR_NUC	0.999999999995011	-4.98941494131606e-12	1	0	0	2	9131
SM00254	ShKT	0.999999999995011	-4.98941494131606e-12	1	0	0	2	9131
SM00934	OMPdecase	0.999999999995011	-4.98941494131606e-12	1	0	0	2	9131
SM00995	AD	0.999999999995011	-4.98941494131606e-12	1	0	0	2	9131
SM00870	Asparaginase	0.999999999995011	-4.98941494131606e-12	1	0	0	2	9131
SM01032	BHD_3	0.999999999995011	-4.98941494131606e-12	1	0	0	2	9131
SM01077	Cg6151-P	0.999999999995011	-4.98941494131606e-12	1	0	0	2	9131
SM00530	HTH_XRE	0.999999999995011	-4.98941494131606e-12	1	0	0	2	9131
SM01001	AIRC	0.999999999995011	-4.98941494131606e-12	1	0	0	2	9131
SM01030	BHD_1	0.999999999995011	-4.98941494131606e-12	1	0	0	2	9131
SM00127	IL7	0.999999999995011	-4.98941494131606e-12	1	0	0	2	9131
SM00521	CBF	0.999999999995011	-4.98941494131606e-12	1	0	0	2	9131
SM00189	IL2	0.999999999995011	-4.98941494131606e-12	1	0	0	2	9131
SM00983	TPK_B1_binding	0.999999999995011	-4.98941494131606e-12	1	0	0	2	9131
SM00752	HTTM	0.999999999995011	-4.98941494131606e-12	1	0	0	2	9131
SM01102	CRM1_C	0.999999999995011	-4.98941494131606e-12	1	0	0	2	9131
SM00898	Fapy_DNA_glyco	0.999999999995011	-4.98941494131606e-12	1	0	0	2	9131
SM00567	EZ_HEAT	0.999999999995011	-4.98941494131606e-12	1	0	0	2	9131
SM00538	POP4	0.999999999995011	-4.98941494131606e-12	1	0	0	2	9131
SM01044	Btz	0.999999999995011	-4.98941494131606e-12	1	0	0	2	9131
SM01013	APC2	0.999999999995011	-4.98941494131606e-12	1	0	0	2	9131
SM00762	Cog4	0.999999999995011	-4.98941494131606e-12	1	0	0	2	9131
SM00932	Nfu_N	0.999999999995011	-4.98941494131606e-12	1	0	0	2	9131
SM01016	Arg_tRNA_synt_N	0.999999999995011	-4.98941494131606e-12	1	0	0	2	9131
SM00845	GatB_Yqey	0.999999999995011	-4.98941494131606e-12	1	0	0	2	9131
SM00946	ProRS-C_1	0.999999999995011	-4.98941494131606e-12	1	0	0	2	9131
SM00084	NMU	0.999999999995011	-4.98941494131606e-12	1	0	0	2	9131
SM00654	eIF6	0.999999999995011	-4.98941494131606e-12	1	0	0	2	9131
SM00277	GRAN	0.999999999995011	-4.98941494131606e-12	1	0	0	2	9131
SM00874	B5	0.999999999995011	-4.98941494131606e-12	1	0	0	2	9131
SM00798	AICARFT_IMPCHas	0.999999999995011	-4.98941494131606e-12	1	0	0	2	9131
SM01004	ALAD	0.999999999995011	-4.98941494131606e-12	1	0	0	2	9131
SM00019	SF_P	0.999999999995011	-4.98941494131606e-12	1	0	0	2	9131
SM01033	BING4CT	0.999999999995011	-4.98941494131606e-12	1	0	0	2	9131
SM01075	CDT1	0.999999999995011	-4.98941494131606e-12	1	0	0	2	9131
SM00910	HIRAN	0.999999999995011	-4.98941494131606e-12	1	0	0	2	9131
SM00780	PIG-X	0.999999999995011	-4.98941494131606e-12	1	0	0	2	9131
SM01085	CK_II_beta	0.999999999995011	-4.98941494131606e-12	1	0	0	2	9131
SM00203	TK	0.999999999995011	-4.98941494131606e-12	1	0	0	2	9131
SM00613	PAW	0.999999999995011	-4.98941494131606e-12	1	0	0	2	9131
SM00976	Telo_bind	0.999999999995011	-4.98941494131606e-12	1	0	0	2	9131
SM01035	BOP1NT	0.999999999995011	-4.98941494131606e-12	1	0	0	2	9131
SM00226	LMWPc	0.999999999995011	-4.98941494131606e-12	1	0	0	2	9131
SM00507	HNHc	0.999999999995011	-4.98941494131606e-12	1	0	0	2	9131
SM00709	Zpr1	0.999999999995011	-4.98941494131606e-12	1	0	0	2	9131
SM01060	Catalase	0.999999999995011	-4.98941494131606e-12	1	0	0	2	9131
SM00881	CoA_binding	0.999999999995011	-4.98941494131606e-12	1	0	0	2	9131
SM00817	Amelin	0.999999999995011	-4.98941494131606e-12	1	0	0	2	9131
SM00944	Pro-kuma_activ	0.999999999995011	-4.98941494131606e-12	1	0	0	2	9131
SM00017	OSTEO	0.999999999995011	-4.98941494131606e-12	1	0	0	2	9131
SM00040	CSF2	0.999999999995011	-4.98941494131606e-12	1	0	0	2	9131
SM01036	BP28CT	0.999999999995011	-4.98941494131606e-12	1	0	0	2	9131
SM01069	CDC37_C	0.999999999995011	-4.98941494131606e-12	1	0	0	2	9131
SM00719	Plus3	0.999999999995011	-4.98941494131606e-12	1	0	0	2	9131
SM00318	SNc	0.999999999995011	-4.98941494131606e-12	1	0	0	2	9131
SM00975	Telomerase_RBD	0.999999999995011	-4.98941494131606e-12	1	0	0	2	9131
SM00575	ZnF_PMZ	0.999999999995011	-4.98941494131606e-12	1	0	0	2	9131
SM01087	COG6	0.999999999995011	-4.98941494131606e-12	1	0	0	2	9131
SM00095	TR_THY	0.999999999995011	-4.98941494131606e-12	1	0	0	2	9131
SM00998	ADSL_C	0.999999999995011	-4.98941494131606e-12	1	0	0	2	9131
SM00748	HEPN	0.999999999995011	-4.98941494131606e-12	1	0	0	2	9131
SM01098	CPSF73-100_C	0.999999999995011	-4.98941494131606e-12	1	0	0	2	9131
SM00754	CHRD	0.999999999995011	-4.98941494131606e-12	1	0	0	2	9131
SM00067	GHA	0.999999999995011	-4.98941494131606e-12	1	0	0	2	9131
SM00023	COLIPASE	0.999999999995011	-4.98941494131606e-12	1	0	0	2	9131
SM00289	WR1	0.999999999995011	-4.98941494131606e-12	1	0	0	2	9131
SM00531	TFIIE	0.999999999995011	-4.98941494131606e-12	1	0	0	2	9131
SM00157	PRP	0.999999999995011	-4.98941494131606e-12	1	0	0	2	9131
SM00984	UDPG_MGDP_dh_C	0.999999999995011	-4.98941494131606e-12	1	0	0	2	9131
SM00658	RPOL8c	0.999999999995011	-4.98941494131606e-12	1	0	0	2	9131
SM01024	BCS1_N	0.999999999995011	-4.98941494131606e-12	1	0	0	2	9131
SM00883	Cpn10	0.999999999995011	-4.98941494131606e-12	1	0	0	2	9131
SM00659	RPOLCX	0.999999999995011	-4.98941494131606e-12	1	0	0	2	9131
SM01018	B12-binding_2	0.999999999995011	-4.98941494131606e-12	1	0	0	2	9131
SM00922	MR_MLE	0.999999999995011	-4.98941494131606e-12	1	0	0	2	9131
SM00805	AGTRAP	0.999999999995011	-4.98941494131606e-12	1	0	0	2	9131
SM00245	TSPc	0.999999999995011	-4.98941494131606e-12	1	0	0	2	9131
SM00858	SAF	0.999999999995011	-4.98941494131606e-12	1	0	0	2	9131
SM00784	SPT2	0.999999999995011	-4.98941494131606e-12	1	0	0	2	9131
SM00822	PKS_KR	0.999999999995011	-4.98941494131606e-12	1	0	0	2	9131
SM00195	DSPc	0.999999999995333	-4.66711655521641e-12	29	0	0	2	9131
SM00235	ZnMc	0.999999999995333	-4.66711655521641e-12	29	0	0	2	9131
SM00064	FYVE	0.999999999995333	-4.66711655521641e-12	29	0	0	2	9131
SM00413	ETS	0.999999999995333	-4.66711655521641e-12	29	0	0	2	9131
SM00185	ARM	0.999999999995333	-4.66711655521641e-12	29	0	0	2	9131
SM00186	FBG	0.999999999995333	-4.66711655521641e-12	29	0	0	2	9131
SM00132	LIM	0.999999999995866	-4.13394610156072e-12	72	0	0	2	9131
SM00468	PreSET	0.999999999995879	-4.12060694533926e-12	5	0	0	2	9131
SM00363	S4	0.999999999995879	-4.12060694533926e-12	5	0	0	2	9131
SM00878	Biotin_carb_C	0.999999999995879	-4.12060694533926e-12	5	0	0	2	9131
SM00404	PTPc_motif	0.999999999995879	-4.12060694533926e-12	5	0	0	2	9131
SM00891	ERCC4	0.999999999995879	-4.12060694533926e-12	5	0	0	2	9131
SM00879	Brix	0.999999999995879	-4.12060694533926e-12	5	0	0	2	9131
SM00484	XPGI	0.999999999995879	-4.12060694533926e-12	5	0	0	2	9131
SM00096	UTG	0.999999999995879	-4.12060694533926e-12	5	0	0	2	9131
SM00541	FYRN	0.999999999995879	-4.12060694533926e-12	5	0	0	2	9131
SM00673	CARP	0.999999999995879	-4.12060694533926e-12	5	0	0	2	9131
SM00991	WHEP-TRS	0.999999999995879	-4.12060694533926e-12	5	0	0	2	9131
SM00602	VPS10	0.999999999995879	-4.12060694533926e-12	5	0	0	2	9131
SM00474	35EXOc	0.999999999995879	-4.12060694533926e-12	5	0	0	2	9131
SM00473	PAN_AP	0.999999999995879	-4.12060694533926e-12	5	0	0	2	9131
SM00572	DZF	0.999999999995879	-4.12060694533926e-12	5	0	0	2	9131
SM00580	PUG	0.999999999995879	-4.12060694533926e-12	5	0	0	2	9131
SM00104	ANATO	0.999999999995879	-4.12060694533926e-12	5	0	0	2	9131
SM00642	Aamy	0.999999999995879	-4.12060694533926e-12	5	0	0	2	9131
SM00517	PolyA	0.999999999995879	-4.12060694533926e-12	5	0	0	2	9131
SM00552	ADEAMc	0.999999999995879	-4.12060694533926e-12	5	0	0	2	9131
SM00527	HMG17	0.999999999995879	-4.12060694533926e-12	5	0	0	2	9131
SM00549	TAFH	0.999999999995879	-4.12060694533926e-12	5	0	0	2	9131
SM00533	MUTSd	0.999999999995879	-4.12060694533926e-12	5	0	0	2	9131
SM00679	CTNS	0.999999999995879	-4.12060694533926e-12	5	0	0	2	9131
SM00750	KIND	0.999999999995879	-4.12060694533926e-12	5	0	0	2	9131
SM00021	DAX	0.999999999995879	-4.12060694533926e-12	5	0	0	2	9131
SM00603	LCCL	0.999999999995879	-4.12060694533926e-12	5	0	0	2	9131
SM00614	ZnF_BED	0.999999999995879	-4.12060694533926e-12	5	0	0	2	9131
SM00279	HhH2	0.999999999995879	-4.12060694533926e-12	5	0	0	2	9131
SM00570	AWS	0.999999999995879	-4.12060694533926e-12	5	0	0	2	9131
SM00872	Alpha-mann_mid	0.999999999995879	-4.12060694533926e-12	5	0	0	2	9131
SM00765	MANEC	0.999999999995879	-4.12060694533926e-12	5	0	0	2	9131
SM00539	NIDO	0.999999999995879	-4.12060694533926e-12	5	0	0	2	9131
SM00510	TFS2M	0.999999999995879	-4.12060694533926e-12	5	0	0	2	9131
SM00734	ZnF_Rad18	0.999999999995879	-4.12060694533926e-12	5	0	0	2	9131
SM00584	TLDc	0.999999999995879	-4.12060694533926e-12	5	0	0	2	9131
SM01015	Arfaptin	0.999999999995879	-4.12060694533926e-12	5	0	0	2	9131
SM01041	BRO1	0.999999999995879	-4.12060694533926e-12	5	0	0	2	9131
SM00592	BRK	0.999999999995879	-4.12060694533926e-12	5	0	0	2	9131
SM00833	CobW_C	0.999999999995879	-4.12060694533926e-12	5	0	0	2	9131
SM00485	XPGN	0.999999999995879	-4.12060694533926e-12	5	0	0	2	9131
SM00264	BAG	0.999999999995879	-4.12060694533926e-12	5	0	0	2	9131
SM00534	MUTSac	0.999999999995879	-4.12060694533926e-12	5	0	0	2	9131
SM00571	DDT	0.999999999995879	-4.12060694533926e-12	5	0	0	2	9131
SM00409	IG	0.999999999996404	-3.59631617020961e-12	340	0	0	2	9131
SM00034	CLECT	0.999999999996495	-3.50468685648107e-12	84	0	0	2	9131
SM00327	VWA	0.999999999996495	-3.50468685648107e-12	84	0	0	2	9131
SM00060	FN3	0.99999999999737	-2.63022259137588e-12	187	0	0	2	9131
SM00015	IQ	0.999999999997422	-2.57825079103165e-12	85	0	0	2	9131
SM00330	PIPKc	0.999999999998067	-1.93342890616819e-12	7	0	0	2	9131
SM00290	ZnF_UBP	0.999999999998067	-1.93342890616819e-12	7	0	0	2	9131
SM00715	LA	0.999999999998067	-1.93342890616819e-12	7	0	0	2	9131
SM00004	NL	0.999999999998067	-1.93342890616819e-12	7	0	0	2	9131
SM00707	RPEL	0.999999999998067	-1.93342890616819e-12	7	0	0	2	9131
SM00848	Inhibitor_I29	0.999999999998067	-1.93342890616819e-12	7	0	0	2	9131
SM00144	PI3K_rbd	0.999999999998067	-1.93342890616819e-12	7	0	0	2	9131
SM00729	Elp3	0.999999999998067	-1.93342890616819e-12	7	0	0	2	9131
SM00467	GS	0.999999999998067	-1.93342890616819e-12	7	0	0	2	9131
SM00077	ITAM	0.999999999998067	-1.93342890616819e-12	7	0	0	2	9131
SM00504	Ubox	0.999999999998067	-1.93342890616819e-12	7	0	0	2	9131
SM00636	Glyco_18	0.999999999998067	-1.93342890616819e-12	7	0	0	2	9131
SM00730	PSN	0.999999999998067	-1.93342890616819e-12	7	0	0	2	9131
SM00053	DYNc	0.999999999998067	-1.93342890616819e-12	7	0	0	2	9131
SM00964	STAT_int	0.999999999998067	-1.93342890616819e-12	7	0	0	2	9131
SM00884	Cullin_Nedd8	0.999999999998067	-1.93342890616819e-12	7	0	0	2	9131
SM00742	Hr1	0.999999999998067	-1.93342890616819e-12	7	0	0	2	9131
SM00515	eIF5C	0.999999999998067	-1.93342890616819e-12	7	0	0	2	9131
SM00182	CULLIN	0.999999999998067	-1.93342890616819e-12	7	0	0	2	9131
SM00250	PLEC	0.999999999998067	-1.93342890616819e-12	7	0	0	2	9131
SM00031	DED	0.999999999998067	-1.93342890616819e-12	7	0	0	2	9131
SM00301	DM	0.999999999998067	-1.93342890616819e-12	7	0	0	2	9131
SM00278	HhH1	0.999999999998067	-1.93342890616819e-12	7	0	0	2	9131
SM00048	DEFSN	0.999999999998067	-1.93342890616819e-12	7	0	0	2	9131
SM00390	GoLoco	0.999999999998067	-1.93342890616819e-12	7	0	0	2	9131
SM00101	14_3_3	0.999999999998067	-1.93342890616819e-12	7	0	0	2	9131
SM00546	CUE	0.999999999998067	-1.93342890616819e-12	7	0	0	2	9131
SM01062	Ca_chan_IQ	0.999999999998067	-1.93342890616819e-12	7	0	0	2	9131
SM00537	DCX	0.999999999998067	-1.93342890616819e-12	7	0	0	2	9131
SM01055	Cadherin_pro	0.999999999998067	-1.93342890616819e-12	7	0	0	2	9131
SM00281	LamB	0.999999999998067	-1.93342890616819e-12	7	0	0	2	9131
SM00455	RBD	0.999999999998067	-1.93342890616819e-12	7	0	0	2	9131
SM00739	KOW	0.999999999998067	-1.93342890616819e-12	7	0	0	2	9131
SM00154	ZnF_AN1	0.999999999998067	-1.93342890616819e-12	7	0	0	2	9131
SM00509	TFS2N	0.999999999998067	-1.93342890616819e-12	7	0	0	2	9131
SM00353	HLH	0.99999999999858	-1.42030666199465e-12	114	0	0	2	9131
SM00336	BBOX	0.999999999998758	-1.24187427919323e-12	69	0	0	2	9131
SM00063	FRI	0.999999999999006	-9.94372907954933e-13	19	0	0	2	9131
SM00414	H2A	0.999999999999006	-9.94372907954933e-13	19	0	0	2	9131
SM00608	ACR	0.999999999999006	-9.94372907954933e-13	19	0	0	2	9131
SM00291	ZnF_ZZ	0.999999999999006	-9.94372907954933e-13	19	0	0	2	9131
SM00097	WNT1	0.999999999999006	-9.94372907954933e-13	19	0	0	2	9131
SM00191	Int_alpha	0.999999999999006	-9.94372907954933e-13	19	0	0	2	9131
SM00358	DSRM	0.999999999999006	-9.94372907954933e-13	19	0	0	2	9131
SM00248	ANK	0.999999999999021	-9.79407527301746e-13	246	0	0	2	9131
SM00356	ZnF_C3H1	0.999999999999364	-6.36363164718606e-13	44	0	0	2	9131
SM00129	KISc	0.999999999999364	-6.36363164718606e-13	44	0	0	2	9131
SM00213	UBQ	0.999999999999364	-6.36363164718606e-13	44	0	0	2	9131
SM00282	LamG	0.999999999999364	-6.36363164718606e-13	44	0	0	2	9131
SM00227	NEBU	0.999999999999472	-5.28481657592243e-13	4	0	0	2	9131
SM00188	IL10	0.999999999999472	-5.28481657592243e-13	4	0	0	2	9131
SM00197	SAA	0.999999999999472	-5.28481657592243e-13	4	0	0	2	9131
SM01053	CaMBD	0.999999999999472	-5.28481657592243e-13	4	0	0	2	9131
SM00540	LEM	0.999999999999472	-5.28481657592243e-13	4	0	0	2	9131
SM00426	TEA	0.999999999999472	-5.28481657592243e-13	4	0	0	2	9131
SM01046	c-SKI_SMAD_bind	0.999999999999472	-5.28481657592243e-13	4	0	0	2	9131
SM00701	PGRP	0.999999999999472	-5.28481657592243e-13	4	0	0	2	9131
SM01007	Aldolase_II	0.999999999999472	-5.28481657592243e-13	4	0	0	2	9131
SM01027	Beta-Casp	0.999999999999472	-5.28481657592243e-13	4	0	0	2	9131
SM00737	ML	0.999999999999472	-5.28481657592243e-13	4	0	0	2	9131
SM00243	GAS2	0.999999999999472	-5.28481657592243e-13	4	0	0	2	9131
SM00664	DoH	0.999999999999472	-5.28481657592243e-13	4	0	0	2	9131
SM00361	RRM_1	0.999999999999472	-5.28481657592243e-13	4	0	0	2	9131
SM00542	FYRC	0.999999999999472	-5.28481657592243e-13	4	0	0	2	9131
SM00753	PAM	0.999999999999472	-5.28481657592243e-13	4	0	0	2	9131
SM00266	CAD	0.999999999999472	-5.28481657592243e-13	4	0	0	2	9131
SM00733	Mterf	0.999999999999472	-5.28481657592243e-13	4	0	0	2	9131
SM00051	DSL	0.999999999999472	-5.28481657592243e-13	4	0	0	2	9131
SM00973	Sec63	0.999999999999472	-5.28481657592243e-13	4	0	0	2	9131
SM00307	ILWEQ	0.999999999999472	-5.28481657592243e-13	4	0	0	2	9131
SM00632	Aamy_C	0.999999999999472	-5.28481657592243e-13	4	0	0	2	9131
SM00644	Ami_2	0.999999999999472	-5.28481657592243e-13	4	0	0	2	9131
SM00359	PUA	0.999999999999472	-5.28481657592243e-13	4	0	0	2	9131
SM00889	EFG_IV	0.999999999999472	-5.28481657592243e-13	4	0	0	2	9131
SM00554	FAS1	0.999999999999472	-5.28481657592243e-13	4	0	0	2	9131
SM00491	HELICc2	0.999999999999472	-5.28481657592243e-13	4	0	0	2	9131
SM00483	POLXc	0.999999999999472	-5.28481657592243e-13	4	0	0	2	9131
SM00678	WWE	0.999999999999472	-5.28481657592243e-13	4	0	0	2	9131
SM00476	DNaseIc	0.999999999999472	-5.28481657592243e-13	4	0	0	2	9131
SM00152	THY	0.999999999999472	-5.28481657592243e-13	4	0	0	2	9131
SM00058	FN1	0.999999999999472	-5.28481657592243e-13	4	0	0	2	9131
SM00103	ALBUMIN	0.999999999999472	-5.28481657592243e-13	4	0	0	2	9131
SM00520	BASIC	0.999999999999472	-5.28481657592243e-13	4	0	0	2	9131
SM00140	NGF	0.999999999999472	-5.28481657592243e-13	4	0	0	2	9131
SM00259	ZnF_A20	0.999999999999472	-5.28481657592243e-13	4	0	0	2	9131
SM00025	Pumilio	0.999999999999472	-5.28481657592243e-13	4	0	0	2	9131
SM00098	alkPPc	0.999999999999472	-5.28481657592243e-13	4	0	0	2	9131
SM00486	POLBc	0.999999999999472	-5.28481657592243e-13	4	0	0	2	9131
SM00711	TDU	0.999999999999472	-5.28481657592243e-13	4	0	0	2	9131
SM00694	DysFC	0.999999999999472	-5.28481657592243e-13	4	0	0	2	9131
SM00206	NTR	0.999999999999472	-5.28481657592243e-13	4	0	0	2	9131
SM00693	DysFN	0.999999999999472	-5.28481657592243e-13	4	0	0	2	9131
SM00456	WW	0.999999999999797	-2.02824482063062e-13	47	0	0	2	9131
SM00252	SH2	0.999999999999909	-9.12297581229238e-14	112	0	0	2	9131
SM00184	RING	1.00000000000142	1.42244853049145e-12	310	0	0	2	9131
SM00181	EGF	1.00000000000155	1.55144907337812e-12	209	0	0	2	9131
SM00832	C8	1.00000000000255	2.55393288846805e-12	14	0	0	2	9131
SM00069	GLA	1.00000000000255	2.55393288846805e-12	14	0	0	2	9131
SM00285	PBD	1.00000000000255	2.55393288846805e-12	14	0	0	2	9131
SM00241	ZP	1.00000000000255	2.55393288846805e-12	14	0	0	2	9131
SM00666	PB1	1.00000000000255	2.55393288846805e-12	14	0	0	2	9131
SM00200	SEA	1.00000000000255	2.55393288846805e-12	14	0	0	2	9131
SM00615	EPH_lbd	1.00000000000255	2.55393288846805e-12	14	0	0	2	9131
SM00445	LINK	1.00000000000255	2.55393288846805e-12	14	0	0	2	9131
SM00246	WH2	1.00000000000255	2.55393288846805e-12	14	0	0	2	9131
SM00323	RasGAP	1.00000000000255	2.55393288846805e-12	14	0	0	2	9131
SM00643	C345C	1.00000000000255	2.55393288846805e-12	14	0	0	2	9131
SM00046	DAGKc	1.00000000000255	2.55393288846805e-12	14	0	0	2	9131
SM00294	4.1m	1.00000000000255	2.55393288846805e-12	14	0	0	2	9131
SM00647	IBR	1.00000000000255	2.55393288846805e-12	14	0	0	2	9131
SM00502	BBC	1.00000000000255	2.55393288846805e-12	14	0	0	2	9131
SM00398	HMG	1.00000000000321	3.20987613116989e-12	51	0	0	2	9131
SM00295	B41	1.00000000000321	3.20987613116989e-12	51	0	0	2	9131
SM00207	TNF	1.00000000000329	3.28803118655131e-12	18	0	0	2	9131
SM00121	IB	1.00000000000329	3.28803118655131e-12	18	0	0	2	9131
SM00831	Cation_ATPase_N	1.00000000000329	3.28803118655131e-12	18	0	0	2	9131
SM00261	FU	1.00000000000329	3.28803118655131e-12	18	0	0	2	9131
SM00387	HATPase_c	1.00000000000329	3.28803118655131e-12	18	0	0	2	9131
SM00044	CYCc	1.00000000000329	3.28803118655131e-12	18	0	0	2	9131
SM00079	PBPe	1.00000000000329	3.28803118655131e-12	18	0	0	2	9131
SM00847	HA2	1.00000000000329	3.28803118655131e-12	18	0	0	2	9131
SM00014	acidPPc	1.00000000000329	3.28803118655131e-12	18	0	0	2	9131
SM00918	Lig_chan-Glu_bd	1.00000000000329	3.28803118655131e-12	18	0	0	2	9131
SM00228	PDZ	1.00000000000367	3.67197830301869e-12	149	0	0	2	9131
SM00199	SCY	1.00000000000491	4.91322655032499e-12	43	0	0	2	9131
SM00297	BROMO	1.00000000000491	4.91322655032499e-12	43	0	0	2	9131
SM00312	PX	1.00000000000491	4.91322655032499e-12	43	0	0	2	9131
SM00385	CYCLIN	1.00000000000542	5.42456299334765e-12	37	0	0	2	9131
SM00204	TGFB	1.00000000000542	5.42456299334765e-12	37	0	0	2	9131
SM00399	ZnF_C4	1.00000000000557	5.5703594236962e-12	46	0	0	2	9131
SM00280	KAZAL	1.00000000000557	5.5703594236962e-12	46	0	0	2	9131
SM00233	PH	1.00000000000609	6.09071159392988e-12	278	0	0	2	9131
SM00516	SEC14	1.00000000000673	6.72991403511054e-12	25	0	0	2	9131
SM00451	ZnF_U1	1.00000000000673	6.72991403511054e-12	25	0	0	2	9131
SM00174	RHO	1.00000000000673	6.72991403511054e-12	25	0	0	2	9131
SM00333	TUDOR	1.00000000000673	6.72991403511054e-12	25	0	0	2	9131
SM00526	H15	1.00000000000779	7.79189121078973e-12	13	0	0	2	9131
SM00569	L27	1.00000000000779	7.79189121078973e-12	13	0	0	2	9131
SM00721	BAR	1.00000000000779	7.79189121078973e-12	13	0	0	2	9131
SM00059	FN2	1.00000000000779	7.79189121078973e-12	13	0	0	2	9131
SM00284	OLF	1.00000000000779	7.79189121078973e-12	13	0	0	2	9131
SM00335	ANX	1.00000000000779	7.79189121078973e-12	13	0	0	2	9131
SM00645	Pept_C1	1.00000000000779	7.79189121078973e-12	13	0	0	2	9131
SM00115	CASc	1.00000000000779	7.79189121078973e-12	13	0	0	2	9131
SM00156	PP2Ac	1.00000000000779	7.79189121078973e-12	13	0	0	2	9131
SM00298	CHROMO	1.00000000001006	1.00628446513798e-11	31	0	0	2	9131
SM00314	RA	1.00000000001006	1.00628446513798e-11	31	0	0	2	9131
SM00268	ACTIN	1.00000000001006	1.00628446513798e-11	31	0	0	2	9131
SM00462	PTB	1.00000000001006	1.00628446513798e-11	31	0	0	2	9131
SM00194	PTPc	1.00000000001287	1.28677905868657e-11	36	0	0	2	9131
SM00093	SERPIN	1.00000000001287	1.28677905868657e-11	36	0	0	2	9131
SM00630	Sema	1.00000000001369	1.36880924482422e-11	30	0	0	2	9131
SM00165	UBA	1.00000000001369	1.36880924482422e-11	30	0	0	2	9131
SM00033	CH	1.00000000002218	2.2178711883529e-11	66	0	0	2	9131
SM00325	RhoGEF	1.00000000002218	2.2178711883529e-11	66	0	0	2	9131
